index,session,leftEnergy,rightEnergy,phoneEnergy,time
1,20150612,0.000,0.004,0.000,1434119154
2,20150612,0.000,0.002,0.000,1434119155
3,20150612,0.001,0.004,0.000,1434119156
4,20150612,0.001,0.002,0.000,1434119157
5,20150612,0.003,0.008,0.000,1434119158
6,20150612,0.004,0.014,0.000,1434119159
7,20150612,0.003,0.011,0.000,1434119160
8,20150612,0.009,0.004,0.000,1434119161
9,20150612,0.014,0.005,0.000,1434119162
10,20150612,0.003,0.004,0.000,1434119163
11,20150612,0.003,0.004,0.000,1434119164
12,20150612,0.013,0.003,0.000,1434119165
13,20150612,0.009,0.002,0.000,1434119166
14,20150612,0.004,0.003,0.000,1434119167
15,20150612,0.024,0.003,0.000,1434119168
16,20150612,0.013,0.022,0.000,1434119169
17,20150612,0.011,0.018,0.000,1434119170
18,20150612,0.010,0.028,0.000,1434119171
19,20150612,0.014,0.022,0.000,1434119172
20,20150612,0.003,0.024,0.000,1434119173
21,20150612,0.003,0.017,0.000,1434119174
22,20150612,0.002,0.035,0.000,1434119175
23,20150612,0.001,0.025,0.000,1434119176
24,20150612,0.001,0.029,0.000,1434119177
25,20150612,0.007,0.018,0.000,1434119178
26,20150612,0.004,0.017,0.000,1434119179
27,20150612,0.004,0.014,0.000,1434119180
28,20150612,0.002,0.010,0.000,1434119181
29,20150612,0.001,0.010,0.000,1434119182
30,20150612,0.001,0.021,0.000,1434119183
31,20150612,0.001,0.023,0.000,1434119184
32,20150612,0.001,0.022,0.000,1434119185
33,20150612,0.000,0.021,0.000,1434119186
34,20150612,0.002,0.032,0.000,1434119187
35,20150612,0.001,0.026,0.000,1434119188
36,20150612,0.001,0.032,0.000,1434119189
37,20150612,0.001,0.015,0.000,1434119190
38,20150612,0.001,0.016,0.000,1434119191
39,20150612,0.001,0.018,0.000,1434119192
40,20150612,0.001,0.031,0.000,1434119193
41,20150612,0.000,0.021,0.000,1434119194
42,20150612,0.000,0.021,0.000,1434119195
43,20150612,0.000,0.015,0.000,1434119196
44,20150612,0.001,0.063,0.000,1434119197
45,20150612,0.002,0.059,0.000,1434119198
46,20150612,0.003,0.038,0.000,1434119199
47,20150612,0.002,0.027,0.000,1434119200
48,20150612,0.002,0.032,0.000,1434119201
49,20150612,0.002,0.030,0.000,1434119202
50,20150612,0.001,0.016,0.000,1434119203
51,20150612,0.002,0.035,0.000,1434119204
52,20150612,0.002,0.033,0.000,1434119205
53,20150612,0.002,0.039,0.000,1434119206
54,20150612,0.001,0.038,0.000,1434119207
55,20150612,0.001,0.024,0.000,1434119208
56,20150612,0.001,0.023,0.000,1434119209
57,20150612,0.001,0.045,0.000,1434119210
58,20150612,0.001,0.035,0.000,1434119211
59,20150612,0.001,0.039,0.000,1434119212
60,20150612,0.001,0.028,0.000,1434119213
61,20150612,0.001,0.017,0.000,1434119214
62,20150612,0.001,0.010,0.000,1434119215
63,20150612,0.000,0.015,0.000,1434119216
64,20150612,0.000,0.012,0.000,1434119217
65,20150612,0.000,0.014,0.000,1434119218
66,20150612,0.002,0.054,0.000,1434119219
67,20150612,0.001,0.041,0.000,1434119220
68,20150612,0.001,0.027,0.000,1434119221
69,20150612,0.003,0.027,0.000,1434119222
70,20150612,0.014,0.027,0.000,1434119223
71,20150612,0.021,0.015,0.000,1434119224
72,20150612,0.013,0.019,0.000,1434119225
73,20150612,0.008,0.020,0.000,1434119226
74,20150612,0.005,0.017,0.000,1434119227
75,20150612,0.003,0.048,0.000,1434119228
76,20150612,0.002,0.034,0.000,1434119229
77,20150612,0.002,0.026,0.000,1434119230
78,20150612,0.001,0.034,0.000,1434119231
79,20150612,0.000,0.031,0.000,1434119232
80,20150612,0.000,0.010,0.000,1434119233
81,20150612,0.000,0.012,0.000,1434119234
82,20150612,0.000,0.026,0.000,1434119235
83,20150612,0.000,0.013,0.000,1434119236
84,20150612,0.000,0.054,0.000,1434119237
85,20150612,0.001,0.033,0.000,1434119238
86,20150612,0.000,0.019,0.000,1434119239
87,20150612,0.001,0.025,0.000,1434119240
88,20150612,0.001,0.037,0.000,1434119241
89,20150612,0.022,0.021,0.000,1434119242
90,20150612,0.025,0.022,0.000,1434119243
91,20150612,0.019,0.036,0.000,1434119244
92,20150612,0.006,0.039,0.000,1434119245
93,20150612,0.003,0.065,0.000,1434119246
94,20150612,0.005,0.041,0.000,1434119247
95,20150612,0.002,0.033,0.000,1434119248
96,20150612,0.004,0.018,0.000,1434119249
97,20150612,0.028,0.057,0.000,1434119250
98,20150612,0.022,0.041,0.000,1434119251
99,20150612,0.014,0.024,0.000,1434119252
100,20150612,0.008,0.023,0.000,1434119253
101,20150612,0.004,0.027,0.000,1434119254
102,20150612,0.003,0.017,0.000,1434119255
103,20150612,0.001,0.015,0.000,1434119256
104,20150612,0.001,0.026,0.000,1434119257
105,20150612,0.001,0.034,0.000,1434119258
106,20150612,0.001,0.031,0.000,1434119259
107,20150612,0.000,0.021,0.000,1434119260
108,20150612,0.001,0.037,0.000,1434119261
109,20150612,0.000,0.028,0.000,1434119262
110,20150612,0.000,0.028,0.000,1434119263
111,20150612,0.000,0.016,0.000,1434119264
112,20150612,0.000,0.029,0.000,1434119265
113,20150612,0.001,0.049,0.000,1434119266
114,20150612,0.001,0.025,0.000,1434119267
115,20150612,0.001,0.040,0.000,1434119268
116,20150612,0.000,0.026,0.000,1434119269
117,20150612,0.001,0.028,0.000,1434119270
118,20150612,0.018,0.035,0.000,1434119271
119,20150612,0.030,0.017,0.000,1434119272
120,20150612,0.018,0.023,0.000,1434119273
121,20150612,0.011,0.014,0.000,1434119274
122,20150612,0.006,0.028,0.000,1434119275
123,20150612,0.008,0.009,0.000,1434119276
124,20150612,0.002,0.019,0.000,1434119277
125,20150612,0.002,0.014,0.000,1434119278
126,20150612,0.002,0.016,0.000,1434119279
127,20150612,0.001,0.012,0.000,1434119280
128,20150612,0.005,0.014,0.000,1434119281
129,20150612,0.003,0.018,0.000,1434119282
130,20150612,0.001,0.009,0.000,1434119283
131,20150612,0.001,0.009,0.000,1434119284
132,20150612,0.001,0.007,0.000,1434119285
133,20150612,0.001,0.009,0.000,1434119286
134,20150612,0.002,0.007,0.000,1434119287
135,20150612,0.002,0.009,0.000,1434119288
136,20150612,0.006,0.005,0.000,1434119289
137,20150612,0.003,0.009,0.000,1434119290
138,20150612,0.003,0.010,0.000,1434119291
139,20150612,0.004,0.015,0.000,1434119292
140,20150612,0.002,0.010,0.000,1434119293
141,20150612,0.003,0.017,0.000,1434119294
142,20150612,0.003,0.030,0.000,1434119295
143,20150612,0.001,0.047,0.000,1434119296
144,20150612,0.001,0.033,0.000,1434119297
145,20150612,0.000,0.021,0.000,1434119298
146,20150612,0.001,0.012,0.000,1434119299
147,20150612,0.003,0.043,0.000,1434119300
148,20150612,0.004,0.020,0.000,1434119301
149,20150612,0.001,0.008,0.000,1434119302
150,20150612,0.001,0.017,0.000,1434119303
151,20150612,0.003,0.025,0.000,1434119304
152,20150612,0.003,0.015,0.000,1434119305
153,20150612,0.002,0.008,0.000,1434119306
154,20150612,0.001,0.007,0.000,1434119307
155,20150612,0.000,0.013,0.000,1434119308
156,20150612,0.000,0.006,0.000,1434119309
157,20150612,0.001,0.023,0.000,1434119310
158,20150612,0.002,0.053,0.000,1434119311
159,20150612,0.007,0.014,0.000,1434119312
160,20150612,0.003,0.008,0.000,1434119313
161,20150612,0.007,0.034,0.000,1434119314
162,20150612,0.002,0.051,0.000,1434119315
163,20150612,0.005,0.037,0.000,1434119316
164,20150612,0.001,0.020,0.000,1434119317
165,20150612,0.004,0.026,0.000,1434119318
166,20150612,0.002,0.014,0.000,1434119319
167,20150612,0.003,0.022,0.000,1434119320
168,20150612,0.002,0.050,0.000,1434119321
169,20150612,0.003,0.038,0.000,1434119322
170,20150612,0.005,0.019,0.000,1434119323
171,20150612,0.003,0.017,0.000,1434119324
172,20150612,0.006,0.020,0.000,1434119325
173,20150612,0.004,0.030,0.000,1434119326
174,20150612,0.006,0.037,0.000,1434119327
175,20150612,0.006,0.028,0.000,1434119328
176,20150612,0.006,0.023,0.000,1434119329
177,20150612,0.008,0.014,0.000,1434119330
178,20150612,0.005,0.016,0.000,1434119331
179,20150612,0.002,0.015,0.000,1434119332
180,20150612,0.002,0.028,0.000,1434119333
181,20150612,0.003,0.008,0.000,1434119334
182,20150612,0.002,0.047,0.000,1434119335
183,20150612,0.002,0.041,0.000,1434119336
184,20150612,0.002,0.029,0.000,1434119337
185,20150612,0.003,0.072,0.000,1434119338
186,20150612,0.003,0.025,0.000,1434119339
187,20150612,0.004,0.019,0.000,1434119340
188,20150612,0.005,0.022,0.000,1434119341
189,20150612,0.006,0.016,0.000,1434119342
190,20150612,0.003,0.011,0.000,1434119343
191,20150612,0.007,0.009,0.000,1434119344
192,20150612,0.003,0.012,0.000,1434119345
193,20150612,0.002,0.012,0.000,1434119346
194,20150612,0.002,0.012,0.000,1434119347
195,20150612,0.003,0.013,0.000,1434119348
196,20150612,0.004,0.011,0.000,1434119349
197,20150612,0.004,0.019,0.000,1434119350
198,20150612,0.005,0.020,0.000,1434119351
199,20150612,0.003,0.016,0.000,1434119352
200,20150612,0.003,0.019,0.000,1434119353
201,20150612,0.004,0.019,0.000,1434119354
202,20150612,0.004,0.016,0.000,1434119355
203,20150612,0.003,0.019,0.000,1434119356
204,20150612,0.004,0.027,0.000,1434119357
205,20150612,0.008,0.021,0.000,1434119358
206,20150612,0.004,0.030,0.000,1434119359
207,20150612,0.004,0.035,0.000,1434119360
208,20150612,0.001,0.032,0.000,1434119361
209,20150612,0.001,0.019,0.000,1434119362
210,20150612,0.002,0.040,0.000,1434119363
211,20150612,0.002,0.048,0.000,1434119364
212,20150612,0.001,0.034,0.000,1434119365
213,20150612,0.002,0.048,0.000,1434119366
214,20150612,0.001,0.023,0.000,1434119367
215,20150612,0.001,0.024,0.000,1434119368
216,20150612,0.001,0.033,0.000,1434119369
217,20150612,0.001,0.037,0.000,1434119370
218,20150612,0.001,0.017,0.000,1434119371
219,20150612,0.002,0.013,0.000,1434119372
220,20150612,0.002,0.018,0.000,1434119373
221,20150612,0.003,0.022,0.000,1434119374
222,20150612,0.003,0.015,0.000,1434119375
223,20150612,0.001,0.012,0.000,1434119376
224,20150612,0.001,0.017,0.000,1434119377
225,20150612,0.001,0.033,0.000,1434119378
226,20150612,0.001,0.018,0.000,1434119379
227,20150612,0.001,0.013,0.000,1434119380
228,20150612,0.003,0.035,0.000,1434119381
229,20150612,0.003,0.050,0.000,1434119382
230,20150612,0.003,0.042,0.000,1434119383
231,20150612,0.001,0.018,0.000,1434119384
232,20150612,0.001,0.027,0.000,1434119385
233,20150612,0.001,0.036,0.000,1434119386
234,20150612,0.001,0.025,0.000,1434119387
235,20150612,0.001,0.017,0.000,1434119388
236,20150612,0.001,0.026,0.000,1434119389
237,20150612,0.001,0.028,0.000,1434119390
238,20150612,0.002,0.019,0.000,1434119391
239,20150612,0.004,0.031,0.000,1434119392
240,20150612,0.002,0.024,0.000,1434119393
241,20150612,0.004,0.023,0.000,1434119394
242,20150612,0.008,0.022,0.000,1434119395
243,20150612,0.007,0.033,0.000,1434119396
244,20150612,0.003,0.020,0.000,1434119397
245,20150612,0.004,0.029,0.000,1434119398
246,20150612,0.004,0.038,0.000,1434119399
247,20150612,0.002,0.049,0.000,1434119400
248,20150612,0.002,0.033,0.000,1434119401
249,20150612,0.002,0.023,0.000,1434119402
250,20150612,0.004,0.022,0.000,1434119403
251,20150612,0.004,0.022,0.000,1434119404
252,20150612,0.001,0.039,0.000,1434119405
253,20150612,0.001,0.047,0.000,1434119406
254,20150612,0.006,0.061,0.000,1434119407
255,20150612,0.005,0.033,0.000,1434119408
256,20150612,0.006,0.021,0.000,1434119409
257,20150612,0.003,0.024,0.000,1434119410
258,20150612,0.007,0.025,0.000,1434119411
259,20150612,0.005,0.025,0.000,1434119412
260,20150612,0.004,0.026,0.000,1434119413
261,20150612,0.005,0.037,0.000,1434119414
262,20150612,0.005,0.046,0.000,1434119415
263,20150612,0.006,0.056,0.000,1434119416
264,20150612,0.004,0.033,0.000,1434119417
265,20150612,0.002,0.029,0.000,1434119418
266,20150612,0.005,0.025,0.000,1434119419
267,20150612,0.002,0.011,0.000,1434119420
268,20150612,0.003,0.012,0.000,1434119421
269,20150612,0.009,0.022,0.000,1434119422
270,20150612,0.005,0.046,0.000,1434119423
271,20150612,0.005,0.045,0.000,1434119424
272,20150612,0.004,0.030,0.000,1434119425
273,20150612,0.002,0.017,0.000,1434119426
274,20150612,0.003,0.018,0.000,1434119427
275,20150612,0.002,0.050,0.000,1434119428
276,20150612,0.002,0.032,0.000,1434119429
277,20150612,0.001,0.028,0.000,1434119430
278,20150612,0.001,0.010,0.000,1434119431
279,20150612,0.001,0.008,0.000,1434119432
280,20150612,0.001,0.010,0.000,1434119433
281,20150612,0.002,0.018,0.000,1434119434
282,20150612,0.001,0.035,0.000,1434119435
283,20150612,0.001,0.025,0.000,1434119436
284,20150612,0.001,0.013,0.000,1434119437
285,20150612,0.001,0.031,0.000,1434119438
286,20150612,0.001,0.026,0.000,1434119439
287,20150612,0.002,0.020,0.000,1434119440
288,20150612,0.001,0.019,0.000,1434119441
289,20150612,0.001,0.018,0.000,1434119442
290,20150612,0.002,0.033,0.000,1434119443
291,20150612,0.001,0.029,0.000,1434119444
292,20150612,0.001,0.018,0.000,1434119445
293,20150612,0.001,0.029,0.000,1434119446
294,20150612,0.002,0.029,0.000,1434119447
295,20150612,0.002,0.043,0.000,1434119448
296,20150612,0.002,0.031,0.000,1434119449
297,20150612,0.001,0.035,0.000,1434119450
298,20150612,0.001,0.025,0.000,1434119451
299,20150612,0.005,0.041,0.000,1434119452
300,20150612,0.003,0.028,0.000,1434119453
301,20150612,0.001,0.016,0.000,1434119454
302,20150612,0.001,0.011,0.000,1434119455
303,20150612,0.001,0.011,0.000,1434119456
304,20150612,0.001,0.014,0.000,1434119457
305,20150612,0.001,0.014,0.000,1434119458
306,20150612,0.003,0.045,0.000,1434119459
307,20150612,0.002,0.034,0.000,1434119460
308,20150612,0.003,0.021,0.000,1434119461
309,20150612,0.002,0.029,0.000,1434119462
310,20150612,0.003,0.047,0.000,1434119463
311,20150612,0.003,0.022,0.000,1434119464
312,20150612,0.002,0.023,0.000,1434119465
313,20150612,0.004,0.035,0.000,1434119466
314,20150612,0.005,0.034,0.000,1434119467
315,20150612,0.003,0.020,0.000,1434119468
316,20150612,0.005,0.013,0.000,1434119469
317,20150612,0.035,0.032,0.000,1434119470
318,20150612,0.025,0.036,0.000,1434119471
319,20150612,0.025,0.036,0.000,1434119472
320,20150612,0.017,0.023,0.000,1434119473
321,20150612,0.011,0.016,0.000,1434119474
322,20150612,0.007,0.009,0.000,1434119475
323,20150612,0.004,0.006,0.000,1434119476
