index,session,leftEnergy,rightEnergy,phoneEnergy,time
1,20150612,0.005,-1.000,0.003,1434127961
2,20150612,0.003,-1.000,0.006,1434127962
3,20150612,0.044,-1.000,0.036,1434127963
4,20150612,0.040,-1.000,0.016,1434127964
5,20150612,0.027,-1.000,0.010,1434127965
6,20150612,0.015,-1.000,0.006,1434127966
7,20150612,0.008,-1.000,0.004,1434127967
8,20150612,0.005,-1.000,0.002,1434127968
9,20150612,0.003,-1.000,0.001,1434127969
10,20150612,0.002,-1.000,0.001,1434127970
11,20150612,0.001,-1.000,0.001,1434127971
12,20150612,0.017,-1.000,0.000,1434127972
13,20150612,0.021,-1.000,0.000,1434127973
14,20150612,0.012,-1.000,0.000,1434127974
15,20150612,0.012,-1.000,0.000,1434127975
16,20150612,0.018,-1.000,0.000,1434127976
17,20150612,0.012,-1.000,0.000,1434127977
18,20150612,0.011,-1.000,0.000,1434127978
19,20150612,0.009,-1.000,0.001,1434127979
20,20150612,0.016,-1.000,0.000,1434127980
21,20150612,0.011,-1.000,0.000,1434127981
22,20150612,0.006,-1.000,0.000,1434127982
23,20150612,0.007,-1.000,0.000,1434127983
24,20150612,0.005,-1.000,0.000,1434127984
25,20150612,0.004,-1.000,0.000,1434127985
26,20150612,0.003,-1.000,0.000,1434127986
27,20150612,0.022,-1.000,0.000,1434127987
28,20150612,0.040,-1.000,0.000,1434127988
29,20150612,0.040,-1.000,0.000,1434127989
30,20150612,0.057,-1.000,0.000,1434127990
31,20150612,0.029,-1.000,0.000,1434127991
32,20150612,0.042,-1.000,0.000,1434127992
33,20150612,0.037,-1.000,0.000,1434127993
34,20150612,0.026,-1.000,0.000,1434127994
35,20150612,0.018,-1.000,0.000,1434127995
36,20150612,0.011,-1.000,0.000,1434127996
37,20150612,0.012,-1.000,0.000,1434127997
38,20150612,0.021,-1.000,0.000,1434127998
39,20150612,0.030,-1.000,0.000,1434127999
40,20150612,0.016,-1.000,0.000,1434128000
41,20150612,0.012,-1.000,0.000,1434128001
42,20150612,0.033,-1.000,0.000,1434128002
43,20150612,0.034,-1.000,0.000,1434128003
44,20150612,0.030,-1.000,0.000,1434128004
45,20150612,0.039,-1.000,0.000,1434128005
46,20150612,0.026,-1.000,0.000,1434128006
47,20150612,0.031,-1.000,0.000,1434128007
48,20150612,0.025,-1.000,0.000,1434128008
49,20150612,0.045,-1.000,0.000,1434128009
50,20150612,0.065,-1.000,0.000,1434128010
51,20150612,0.061,-1.000,0.000,1434128011
52,20150612,0.054,-1.000,0.000,1434128012
53,20150612,0.040,-1.000,0.000,1434128013
54,20150612,0.038,-1.000,0.000,1434128014
55,20150612,0.037,-1.000,0.000,1434128015
56,20150612,0.036,-1.000,0.000,1434128016
57,20150612,0.016,-1.000,0.000,1434128017
58,20150612,0.028,-1.000,0.000,1434128018
59,20150612,0.028,-1.000,0.000,1434128019
60,20150612,0.019,-1.000,0.000,1434128020
61,20150612,0.027,-1.000,0.000,1434128021
62,20150612,0.032,-1.000,0.000,1434128022
63,20150612,0.041,-1.000,0.000,1434128023
64,20150612,0.036,-1.000,0.000,1434128024
65,20150612,0.073,-1.000,0.000,1434128025
66,20150612,0.069,-1.000,0.000,1434128026
67,20150612,0.025,-1.000,0.000,1434128027
68,20150612,0.036,-1.000,0.000,1434128028
69,20150612,0.026,-1.000,0.000,1434128029
70,20150612,0.020,-1.000,0.000,1434128030
71,20150612,0.019,-1.000,0.000,1434128031
72,20150612,0.014,-1.000,0.000,1434128032
73,20150612,0.034,-1.000,0.000,1434128033
74,20150612,0.018,-1.000,0.000,1434128034
75,20150612,0.024,-1.000,0.000,1434128035
76,20150612,0.025,-1.000,0.000,1434128036
77,20150612,0.030,-1.000,0.000,1434128037
78,20150612,0.029,-1.000,0.000,1434128038
79,20150612,0.016,-1.000,0.000,1434128039
80,20150612,0.026,-1.000,0.000,1434128040
81,20150612,0.025,-1.000,0.000,1434128041
82,20150612,0.023,-1.000,0.000,1434128042
83,20150612,0.022,-1.000,0.000,1434128043
84,20150612,0.035,-1.000,0.000,1434128044
85,20150612,0.047,-1.000,0.000,1434128045
86,20150612,0.031,-1.000,0.000,1434128046
87,20150612,0.022,-1.000,0.000,1434128047
88,20150612,0.023,-1.000,0.000,1434128048
89,20150612,0.020,-1.000,0.000,1434128049
90,20150612,0.037,-1.000,0.000,1434128050
91,20150612,0.037,-1.000,0.000,1434128051
92,20150612,0.022,-1.000,0.000,1434128052
93,20150612,0.016,-1.000,0.000,1434128053
94,20150612,0.043,-1.000,0.000,1434128054
95,20150612,0.051,-1.000,0.000,1434128055
96,20150612,0.048,-1.000,0.000,1434128056
97,20150612,0.042,-1.000,0.000,1434128057
98,20150612,0.042,-1.000,0.000,1434128058
99,20150612,0.062,-1.000,0.000,1434128059
100,20150612,0.046,-1.000,0.000,1434128060
101,20150612,0.034,-1.000,0.000,1434128061
102,20150612,0.040,-1.000,0.000,1434128062
103,20150612,0.042,-1.000,0.000,1434128063
104,20150612,0.045,-1.000,0.000,1434128064
105,20150612,0.037,-1.000,0.000,1434128065
106,20150612,0.024,-1.000,0.000,1434128066
107,20150612,0.019,-1.000,0.000,1434128067
108,20150612,0.017,-1.000,0.000,1434128068
109,20150612,0.028,-1.000,0.000,1434128069
110,20150612,0.024,-1.000,0.000,1434128070
111,20150612,0.008,-1.000,0.000,1434128071
112,20150612,0.013,-1.000,0.000,1434128072
113,20150612,0.051,-1.000,0.000,1434128073
114,20150612,0.031,-1.000,0.000,1434128074
115,20150612,0.050,-1.000,0.000,1434128075
116,20150612,0.049,-1.000,0.000,1434128076
117,20150612,0.044,-1.000,0.000,1434128077
118,20150612,0.042,-1.000,0.000,1434128078
119,20150612,0.044,-1.000,0.000,1434128079
120,20150612,0.040,-1.000,0.000,1434128080
121,20150612,0.058,-1.000,0.000,1434128081
122,20150612,0.043,-1.000,0.000,1434128082
123,20150612,0.047,-1.000,0.000,1434128083
124,20150612,0.045,-1.000,0.000,1434128084
125,20150612,0.035,-1.000,0.000,1434128085
126,20150612,0.043,-1.000,0.000,1434128086
127,20150612,0.033,-1.000,0.000,1434128087
128,20150612,0.024,-1.000,0.000,1434128088
129,20150612,0.033,-1.000,0.000,1434128089
130,20150612,0.036,-1.000,0.000,1434128090
131,20150612,0.046,-1.000,0.000,1434128091
132,20150612,0.028,-1.000,0.000,1434128092
133,20150612,0.035,-1.000,0.000,1434128093
134,20150612,0.030,-1.000,0.000,1434128094
135,20150612,0.023,-1.000,0.000,1434128095
136,20150612,0.025,-1.000,0.000,1434128096
137,20150612,0.037,-1.000,0.000,1434128097
138,20150612,0.013,-1.000,0.000,1434128098
139,20150612,0.036,-1.000,0.000,1434128099
140,20150612,0.033,-1.000,0.000,1434128100
141,20150612,0.024,-1.000,0.000,1434128101
142,20150612,0.018,-1.000,0.000,1434128102
143,20150612,0.016,-1.000,0.000,1434128103
144,20150612,0.044,-1.000,0.000,1434128104
145,20150612,0.063,-1.000,0.000,1434128105
146,20150612,0.035,-1.000,0.000,1434128106
147,20150612,0.029,-1.000,0.000,1434128107
148,20150612,0.043,-1.000,0.000,1434128108
149,20150612,0.031,-1.000,0.000,1434128109
150,20150612,0.033,-1.000,0.000,1434128110
151,20150612,0.043,-1.000,0.000,1434128111
152,20150612,0.059,-1.000,0.000,1434128112
153,20150612,0.085,-1.000,0.000,1434128113
154,20150612,0.064,-1.000,0.000,1434128114
155,20150612,0.064,-1.000,0.000,1434128115
156,20150612,0.066,-1.000,0.000,1434128116
157,20150612,0.058,-1.000,0.000,1434128117
158,20150612,0.061,-1.000,0.000,1434128118
159,20150612,0.052,-1.000,0.000,1434128119
160,20150612,0.052,-1.000,0.000,1434128120
161,20150612,0.046,-1.000,0.000,1434128121
162,20150612,0.032,-1.000,0.000,1434128122
163,20150612,0.035,-1.000,0.000,1434128123
164,20150612,0.039,-1.000,0.000,1434128124
165,20150612,0.025,-1.000,0.000,1434128125
166,20150612,0.043,-1.000,0.000,1434128126
167,20150612,0.034,-1.000,0.000,1434128127
168,20150612,0.023,-1.000,0.000,1434128128
169,20150612,0.014,-1.000,0.000,1434128129
170,20150612,0.016,-1.000,0.000,1434128130
171,20150612,0.005,-1.000,0.000,1434128131
172,20150612,0.014,-1.000,0.000,1434128132
173,20150612,0.008,-1.000,0.000,1434128133
174,20150612,0.020,-1.000,0.000,1434128134
175,20150612,0.010,-1.000,0.000,1434128135
176,20150612,0.008,-1.000,0.000,1434128136
177,20150612,0.023,-1.000,0.000,1434128137
178,20150612,0.008,-1.000,0.000,1434128138
179,20150612,0.007,-1.000,0.000,1434128139
180,20150612,0.024,-1.000,0.000,1434128140
181,20150612,0.017,-1.000,0.000,1434128141
182,20150612,0.047,-1.000,0.000,1434128142
183,20150612,0.058,-1.000,0.000,1434128143
184,20150612,0.071,-1.000,0.000,1434128144
185,20150612,0.053,-1.000,0.000,1434128145
186,20150612,0.065,-1.000,0.000,1434128146
187,20150612,0.043,-1.000,0.000,1434128147
188,20150612,0.047,-1.000,0.000,1434128148
189,20150612,0.033,-1.000,0.000,1434128149
190,20150612,0.077,-1.000,0.000,1434128150
191,20150612,0.056,-1.000,0.000,1434128151
192,20150612,0.046,-1.000,0.000,1434128152
193,20150612,0.044,-1.000,0.000,1434128153
194,20150612,0.044,-1.000,0.000,1434128154
195,20150612,0.032,-1.000,0.000,1434128155
196,20150612,0.020,-1.000,0.000,1434128156
197,20150612,0.011,-1.000,0.000,1434128157
198,20150612,0.011,-1.000,0.000,1434128158
199,20150612,0.023,-1.000,0.000,1434128159
200,20150612,0.028,-1.000,0.000,1434128160
201,20150612,0.050,-1.000,0.000,1434128161
202,20150612,0.049,-1.000,0.000,1434128162
203,20150612,0.030,-1.000,0.000,1434128163
204,20150612,0.055,-1.000,0.000,1434128164
205,20150612,0.049,-1.000,0.000,1434128165
206,20150612,0.023,-1.000,0.000,1434128166
207,20150612,0.071,-1.000,0.000,1434128167
208,20150612,0.047,-1.000,0.000,1434128168
209,20150612,0.056,-1.000,0.000,1434128169
210,20150612,0.041,-1.000,0.000,1434128170
211,20150612,0.032,-1.000,0.000,1434128171
212,20150612,0.021,-1.000,0.000,1434128172
213,20150612,0.018,-1.000,0.000,1434128173
214,20150612,0.013,-1.000,0.000,1434128174
215,20150612,0.027,-1.000,0.000,1434128175
216,20150612,0.011,-1.000,0.000,1434128176
217,20150612,0.007,-1.000,0.000,1434128177
218,20150612,0.006,-1.000,0.000,1434128178
219,20150612,0.014,-1.000,0.000,1434128179
220,20150612,0.018,-1.000,0.000,1434128180
221,20150612,0.012,-1.000,0.000,1434128181
222,20150612,0.015,-1.000,0.000,1434128182
223,20150612,0.017,-1.000,0.000,1434128183
224,20150612,0.017,-1.000,0.000,1434128184
225,20150612,0.007,-1.000,0.000,1434128185
226,20150612,0.017,-1.000,0.000,1434128186
227,20150612,0.011,-1.000,0.000,1434128187
228,20150612,0.007,-1.000,0.000,1434128188
229,20150612,0.007,-1.000,0.000,1434128189
230,20150612,0.007,-1.000,0.000,1434128190
231,20150612,0.007,-1.000,0.000,1434128191
232,20150612,0.012,-1.000,0.000,1434128192
233,20150612,0.013,-1.000,0.000,1434128193
234,20150612,0.036,-1.000,0.000,1434128194
235,20150612,0.062,-1.000,0.000,1434128195
236,20150612,0.051,-1.000,0.000,1434128196
237,20150612,0.031,-1.000,0.000,1434128197
238,20150612,0.022,-1.000,0.000,1434128198
239,20150612,0.019,-1.000,0.000,1434128199
240,20150612,0.018,-1.000,0.000,1434128200
241,20150612,0.028,-1.000,0.000,1434128201
242,20150612,0.038,-1.000,0.000,1434128202
243,20150612,0.026,-1.000,0.000,1434128203
244,20150612,0.042,-1.000,0.000,1434128204
245,20150612,0.071,-1.000,0.000,1434128205
246,20150612,0.062,-1.000,0.000,1434128206
247,20150612,0.042,-1.000,0.000,1434128207
248,20150612,0.031,-1.000,0.000,1434128208
249,20150612,0.027,-1.000,0.000,1434128209
250,20150612,0.025,-1.000,0.000,1434128210
251,20150612,0.036,-1.000,0.000,1434128211
252,20150612,0.029,-1.000,0.000,1434128212
253,20150612,0.033,-1.000,0.000,1434128213
254,20150612,0.048,-1.000,0.000,1434128214
255,20150612,0.066,-1.000,0.000,1434128215
256,20150612,0.042,-1.000,0.000,1434128216
257,20150612,0.042,-1.000,0.000,1434128217
258,20150612,0.030,-1.000,0.000,1434128218
259,20150612,0.020,-1.000,0.000,1434128219
260,20150612,0.028,-1.000,0.000,1434128220
261,20150612,0.024,-1.000,0.000,1434128221
262,20150612,0.034,-1.000,0.000,1434128222
263,20150612,0.034,-1.000,0.000,1434128223
264,20150612,0.020,-1.000,0.000,1434128224
265,20150612,0.023,-1.000,0.000,1434128225
266,20150612,0.018,-1.000,0.000,1434128226
267,20150612,0.018,-1.000,0.000,1434128227
268,20150612,0.028,-1.000,0.000,1434128228
269,20150612,0.028,-1.000,0.000,1434128229
270,20150612,0.025,-1.000,0.000,1434128230
271,20150612,0.042,-1.000,0.000,1434128231
272,20150612,0.028,-1.000,0.000,1434128232
273,20150612,0.021,-1.000,0.000,1434128233
274,20150612,0.061,-1.000,0.000,1434128234
275,20150612,0.047,-1.000,0.000,1434128235
276,20150612,0.033,-1.000,0.000,1434128236
277,20150612,0.045,-1.000,0.000,1434128237
278,20150612,0.036,-1.000,0.000,1434128238
279,20150612,0.044,-1.000,0.000,1434128239
280,20150612,0.053,-1.000,0.000,1434128240
281,20150612,0.048,-1.000,0.000,1434128241
282,20150612,0.048,-1.000,0.000,1434128242
283,20150612,0.035,-1.000,0.000,1434128243
284,20150612,0.049,-1.000,0.000,1434128244
285,20150612,0.048,-1.000,0.000,1434128245
286,20150612,0.065,-1.000,0.000,1434128246
287,20150612,0.048,-1.000,0.000,1434128247
288,20150612,0.058,-1.000,0.000,1434128248
289,20150612,0.050,-1.000,0.000,1434128249
290,20150612,0.048,-1.000,0.000,1434128250
291,20150612,0.022,-1.000,0.000,1434128251
292,20150612,0.017,-1.000,0.000,1434128252
293,20150612,0.016,-1.000,0.000,1434128253
294,20150612,0.013,-1.000,0.000,1434128254
295,20150612,0.016,-1.000,0.000,1434128255
296,20150612,0.043,-1.000,0.000,1434128256
297,20150612,0.035,-1.000,0.000,1434128257
298,20150612,0.045,-1.000,0.000,1434128258
299,20150612,0.054,-1.000,0.000,1434128259
300,20150612,0.038,-1.000,0.000,1434128260
301,20150612,0.059,-1.000,0.000,1434128261
302,20150612,0.037,-1.000,0.000,1434128262
303,20150612,0.041,-1.000,0.000,1434128263
304,20150612,0.034,-1.000,0.000,1434128264
305,20150612,0.029,-1.000,0.000,1434128265
306,20150612,0.048,-1.000,0.000,1434128266
307,20150612,0.026,-1.000,0.000,1434128267
308,20150612,0.035,-1.000,0.000,1434128268
309,20150612,0.025,-1.000,0.000,1434128269
310,20150612,0.048,-1.000,0.000,1434128270
311,20150612,0.062,-1.000,0.000,1434128271
312,20150612,0.042,-1.000,0.000,1434128272
313,20150612,0.041,-1.000,0.000,1434128273
314,20150612,0.033,-1.000,0.000,1434128274
315,20150612,0.024,-1.000,0.000,1434128275
316,20150612,0.040,-1.000,0.000,1434128276
317,20150612,0.031,-1.000,0.000,1434128277
318,20150612,0.039,-1.000,0.000,1434128278
319,20150612,0.019,-1.000,0.000,1434128279
320,20150612,0.011,-1.000,0.001,1434128280
321,20150612,0.012,-1.000,0.001,1434128281
322,20150612,0.006,-1.000,0.000,1434128282
323,20150612,0.002,-1.000,0.000,1434128283
324,20150612,0.001,-1.000,0.000,1434128284
325,20150612,0.009,-1.000,0.000,1434128285
326,20150612,0.015,-1.000,0.000,1434128286
327,20150612,0.013,-1.000,0.000,1434128287
328,20150612,0.026,-1.000,0.000,1434128288
329,20150612,0.046,-1.000,0.000,1434128289
330,20150612,0.039,-1.000,0.000,1434128290
331,20150612,-1.000,-1.000,-1.000,1434128291
332,20150612,0.038,-1.000,0.000,1434128292
333,20150612,0.052,-1.000,0.000,1434128293
334,20150612,0.033,-1.000,0.000,1434128294
335,20150612,0.015,-1.000,0.000,1434128295
336,20150612,0.023,-1.000,0.000,1434128296
337,20150612,0.032,-1.000,0.000,1434128297
338,20150612,0.023,-1.000,0.000,1434128298
339,20150612,0.023,-1.000,0.000,1434128299
340,20150612,0.045,-1.000,0.000,1434128300
341,20150612,0.042,-1.000,0.000,1434128301
342,20150612,0.045,-1.000,0.000,1434128302
343,20150612,0.054,-1.000,0.000,1434128303
344,20150612,0.051,-1.000,0.000,1434128304
345,20150612,0.039,-1.000,0.000,1434128305
346,20150612,0.036,-1.000,0.000,1434128306
347,20150612,0.051,-1.000,0.000,1434128307
348,20150612,0.028,-1.000,0.000,1434128308
349,20150612,0.038,-1.000,0.000,1434128309
350,20150612,0.070,-1.000,0.000,1434128310
351,20150612,0.078,-1.000,0.000,1434128311
352,20150612,0.053,-1.000,0.000,1434128312
353,20150612,0.067,-1.000,0.000,1434128313
354,20150612,0.059,-1.000,0.000,1434128314
355,20150612,0.064,-1.000,0.000,1434128315
356,20150612,0.045,-1.000,0.000,1434128316
357,20150612,0.035,-1.000,0.000,1434128317
358,20150612,0.033,-1.000,0.000,1434128318
359,20150612,0.051,-1.000,0.000,1434128319
360,20150612,0.042,-1.000,0.000,1434128320
361,20150612,0.041,-1.000,0.000,1434128321
362,20150612,0.034,-1.000,0.000,1434128322
363,20150612,0.034,-1.000,0.000,1434128323
364,20150612,0.041,-1.000,0.000,1434128324
365,20150612,0.027,-1.000,0.000,1434128325
366,20150612,0.014,-1.000,0.000,1434128326
367,20150612,0.015,-1.000,0.000,1434128327
368,20150612,0.009,-1.000,0.000,1434128328
369,20150612,0.014,-1.000,0.000,1434128329
370,20150612,0.007,-1.000,0.000,1434128330
371,20150612,0.012,-1.000,0.000,1434128331
372,20150612,0.012,-1.000,0.000,1434128332
373,20150612,0.010,-1.000,0.000,1434128333
374,20150612,0.048,-1.000,0.000,1434128334
375,20150612,0.067,-1.000,0.000,1434128335
376,20150612,0.052,-1.000,0.000,1434128336
377,20150612,0.059,-1.000,0.000,1434128337
378,20150612,0.037,-1.000,0.000,1434128338
379,20150612,0.036,-1.000,0.000,1434128339
380,20150612,0.045,-1.000,0.000,1434128340
381,20150612,0.049,-1.000,0.000,1434128341
382,20150612,0.057,-1.000,0.000,1434128342
383,20150612,0.043,-1.000,0.000,1434128343
384,20150612,0.038,-1.000,0.000,1434128344
385,20150612,0.046,-1.000,0.000,1434128345
386,20150612,0.048,-1.000,0.000,1434128346
387,20150612,0.050,-1.000,0.000,1434128347
388,20150612,0.051,-1.000,0.000,1434128348
389,20150612,0.065,-1.000,0.000,1434128349
390,20150612,0.060,-1.000,0.000,1434128350
391,20150612,0.035,-1.000,0.000,1434128351
392,20150612,0.035,-1.000,0.000,1434128352
393,20150612,0.070,-1.000,0.000,1434128353
394,20150612,0.069,-1.000,0.000,1434128354
395,20150612,0.070,-1.000,0.000,1434128355
396,20150612,0.052,-1.000,0.000,1434128356
397,20150612,0.032,-1.000,0.000,1434128357
398,20150612,0.027,-1.000,0.000,1434128358
399,20150612,0.033,-1.000,0.000,1434128359
400,20150612,0.032,-1.000,0.000,1434128360
401,20150612,0.018,-1.000,0.000,1434128361
402,20150612,0.018,-1.000,0.000,1434128362
403,20150612,0.016,-1.000,0.000,1434128363
404,20150612,0.014,-1.000,0.000,1434128364
405,20150612,0.017,-1.000,0.000,1434128365
406,20150612,0.031,-1.000,0.000,1434128366
407,20150612,0.073,-1.000,0.000,1434128367
408,20150612,0.068,-1.000,0.000,1434128368
409,20150612,0.055,-1.000,0.000,1434128369
410,20150612,0.054,-1.000,0.000,1434128370
411,20150612,0.044,-1.000,0.000,1434128371
412,20150612,0.048,-1.000,0.000,1434128372
413,20150612,0.043,-1.000,0.000,1434128373
414,20150612,0.032,-1.000,0.000,1434128374
415,20150612,0.029,-1.000,0.000,1434128375
416,20150612,0.031,-1.000,0.000,1434128376
417,20150612,0.017,-1.000,0.000,1434128377
418,20150612,0.022,-1.000,0.000,1434128378
419,20150612,0.016,-1.000,0.000,1434128379
420,20150612,0.016,-1.000,0.000,1434128380
421,20150612,0.018,-1.000,0.000,1434128381
422,20150612,0.010,-1.000,0.000,1434128382
423,20150612,0.011,-1.000,0.000,1434128383
424,20150612,0.016,-1.000,0.000,1434128384
425,20150612,0.016,-1.000,0.000,1434128385
426,20150612,0.012,-1.000,0.000,1434128386
427,20150612,0.011,-1.000,0.000,1434128387
428,20150612,0.013,-1.000,0.000,1434128388
429,20150612,0.012,-1.000,0.000,1434128389
430,20150612,0.013,-1.000,0.000,1434128390
431,20150612,0.010,-1.000,0.000,1434128391
432,20150612,0.007,-1.000,0.000,1434128392
433,20150612,0.006,-1.000,0.000,1434128393
434,20150612,0.025,-1.000,0.000,1434128394
435,20150612,0.053,-1.000,0.000,1434128395
436,20150612,0.086,-1.000,0.000,1434128396
437,20150612,0.054,-1.000,0.000,1434128397
438,20150612,0.049,-1.000,0.000,1434128398
439,20150612,0.027,-1.000,0.000,1434128399
440,20150612,0.034,-1.000,0.000,1434128400
441,20150612,0.056,-1.000,0.000,1434128401
442,20150612,0.046,-1.000,0.000,1434128402
443,20150612,0.045,-1.000,0.000,1434128403
444,20150612,0.024,-1.000,0.000,1434128404
445,20150612,0.018,-1.000,0.000,1434128405
446,20150612,0.014,-1.000,0.000,1434128406
447,20150612,0.051,-1.000,0.000,1434128407
448,20150612,0.044,-1.000,0.000,1434128408
449,20150612,0.032,-1.000,0.000,1434128409
450,20150612,0.023,-1.000,0.000,1434128410
451,20150612,0.028,-1.000,0.000,1434128411
452,20150612,0.017,-1.000,0.000,1434128412
453,20150612,0.010,-1.000,0.000,1434128413
454,20150612,0.006,-1.000,0.000,1434128414
455,20150612,0.003,-1.000,0.000,1434128415
456,20150612,0.002,-1.000,0.000,1434128416
457,20150612,0.001,-1.000,0.000,1434128417
458,20150612,0.001,-1.000,0.000,1434128418
459,20150612,0.000,-1.000,0.000,1434128419
460,20150612,0.000,-1.000,0.000,1434128420
461,20150612,0.002,-1.000,0.000,1434128421
462,20150612,0.001,-1.000,0.000,1434128422
463,20150612,0.001,-1.000,0.000,1434128423
464,20150612,0.001,-1.000,0.000,1434128424
465,20150612,0.001,-1.000,0.000,1434128425
466,20150612,0.001,-1.000,0.000,1434128426
467,20150612,0.000,-1.000,0.000,1434128427
468,20150612,0.000,-1.000,0.000,1434128428
469,20150612,0.000,-1.000,0.000,1434128429
470,20150612,0.000,-1.000,0.000,1434128430
471,20150612,0.000,-1.000,0.000,1434128431
472,20150612,0.000,-1.000,0.000,1434128432
473,20150612,0.000,-1.000,0.000,1434128433
474,20150612,0.000,-1.000,0.000,1434128434
475,20150612,0.000,-1.000,0.000,1434128435
476,20150612,0.000,-1.000,0.000,1434128436
477,20150612,0.000,-1.000,0.000,1434128437
478,20150612,0.005,-1.000,0.001,1434128438
479,20150612,0.015,-1.000,0.000,1434128439
480,20150612,0.012,-1.000,0.000,1434128440
481,20150612,0.014,-1.000,0.000,1434128441
482,20150612,0.013,-1.000,0.000,1434128442
