index,session,leftEnergy,rightEnergy,phoneEnergy,time
1,20150612,0.000,0.004,0.000,1434120917
2,20150612,0.000,0.004,0.000,1434120918
3,20150612,0.008,0.010,0.000,1434120919
4,20150612,0.003,0.010,0.000,1434120920
5,20150612,0.011,0.008,0.000,1434120921
6,20150612,0.017,0.009,0.000,1434120922
7,20150612,0.011,0.008,0.000,1434120923
8,20150612,0.006,0.006,0.000,1434120924
9,20150612,0.022,0.015,0.000,1434120925
10,20150612,0.026,0.017,0.000,1434120926
11,20150612,0.040,0.010,0.000,1434120927
12,20150612,0.025,0.027,0.000,1434120928
13,20150612,0.028,0.031,0.000,1434120929
14,20150612,0.034,0.035,0.000,1434120930
15,20150612,0.021,0.027,0.000,1434120931
16,20150612,0.031,0.049,0.000,1434120932
17,20150612,0.020,0.040,0.000,1434120933
18,20150612,0.011,0.037,0.000,1434120934
19,20150612,0.019,0.036,0.000,1434120935
20,20150612,0.024,0.029,0.000,1434120936
21,20150612,0.017,0.026,0.000,1434120937
22,20150612,0.022,0.018,0.000,1434120938
23,20150612,0.013,0.019,0.000,1434120939
24,20150612,0.008,0.008,0.000,1434120940
25,20150612,0.038,0.011,0.000,1434120941
26,20150612,0.018,0.010,0.000,1434120942
27,20150612,0.041,0.018,0.000,1434120943
28,20150612,0.053,0.055,0.000,1434120944
29,20150612,0.035,0.029,0.000,1434120945
30,20150612,0.018,0.020,0.000,1434120946
31,20150612,0.023,0.036,0.000,1434120947
32,20150612,0.022,0.031,0.000,1434120948
33,20150612,0.022,0.021,0.000,1434120949
34,20150612,0.022,0.035,0.000,1434120950
35,20150612,0.019,0.029,0.000,1434120951
36,20150612,0.022,0.045,0.000,1434120952
37,20150612,0.011,0.016,0.000,1434120953
38,20150612,0.013,0.027,0.000,1434120954
39,20150612,0.014,0.042,0.000,1434120955
40,20150612,0.063,0.043,0.000,1434120956
41,20150612,0.036,0.028,0.000,1434120957
42,20150612,0.027,0.025,0.000,1434120958
43,20150612,0.028,0.045,0.000,1434120959
44,20150612,0.019,0.047,0.000,1434120960
45,20150612,0.037,0.041,0.000,1434120961
46,20150612,0.037,0.029,0.000,1434120962
47,20150612,0.030,0.035,0.000,1434120963
48,20150612,0.030,0.027,0.000,1434120964
49,20150612,0.024,0.028,0.000,1434120965
50,20150612,0.018,0.028,0.000,1434120966
51,20150612,0.021,0.031,0.000,1434120967
52,20150612,0.015,0.020,0.000,1434120968
53,20150612,0.042,0.017,0.000,1434120969
54,20150612,0.032,0.028,0.000,1434120970
55,20150612,0.028,0.033,0.000,1434120971
56,20150612,0.023,0.020,0.000,1434120972
57,20150612,0.033,0.043,0.000,1434120973
58,20150612,0.030,0.050,0.000,1434120974
59,20150612,0.023,0.032,0.000,1434120975
60,20150612,0.028,0.028,0.000,1434120976
61,20150612,0.014,0.027,0.000,1434120977
62,20150612,0.011,0.023,0.000,1434120978
63,20150612,0.010,0.018,0.000,1434120979
64,20150612,0.013,0.030,0.000,1434120980
65,20150612,0.027,0.037,0.000,1434120981
66,20150612,0.012,0.027,0.000,1434120982
67,20150612,0.012,0.041,0.000,1434120983
68,20150612,0.051,0.033,0.000,1434120984
69,20150612,0.042,0.031,0.000,1434120985
70,20150612,0.042,0.024,0.000,1434120986
71,20150612,0.022,0.040,0.000,1434120987
72,20150612,0.017,0.026,0.000,1434120988
73,20150612,0.017,0.060,0.000,1434120989
74,20150612,0.014,0.031,0.000,1434120990
75,20150612,0.015,0.035,0.000,1434120991
76,20150612,0.011,0.052,0.000,1434120992
77,20150612,0.013,0.042,0.000,1434120993
78,20150612,0.039,0.029,0.000,1434120994
79,20150612,0.031,0.041,0.000,1434120995
80,20150612,0.020,0.030,0.000,1434120996
81,20150612,0.022,0.041,0.000,1434120997
82,20150612,0.038,0.038,0.000,1434120998
83,20150612,0.020,0.024,0.000,1434120999
84,20150612,0.022,0.030,0.000,1434121000
85,20150612,0.012,0.041,0.000,1434121001
86,20150612,0.007,0.029,0.000,1434121002
87,20150612,0.038,0.037,0.000,1434121003
88,20150612,0.044,0.034,0.000,1434121004
89,20150612,0.046,0.022,0.000,1434121005
90,20150612,0.048,0.030,0.000,1434121006
91,20150612,0.040,0.043,0.000,1434121007
92,20150612,0.027,0.026,0.000,1434121008
93,20150612,0.036,0.022,0.000,1434121009
94,20150612,0.033,0.025,0.000,1434121010
95,20150612,0.023,0.019,0.000,1434121011
96,20150612,0.018,0.022,0.000,1434121012
97,20150612,0.023,0.027,0.000,1434121013
98,20150612,0.025,0.036,0.000,1434121014
99,20150612,0.033,0.016,0.000,1434121015
100,20150612,0.036,0.023,0.000,1434121016
101,20150612,0.048,0.047,0.000,1434121017
102,20150612,0.022,0.031,0.000,1434121018
103,20150612,0.013,0.024,0.000,1434121019
104,20150612,0.015,0.018,0.000,1434121020
105,20150612,0.012,0.020,0.000,1434121021
106,20150612,0.031,0.013,0.000,1434121022
107,20150612,0.028,0.063,0.000,1434121023
108,20150612,0.010,0.026,0.000,1434121024
109,20150612,0.012,0.025,0.000,1434121025
110,20150612,0.023,0.012,0.000,1434121026
111,20150612,0.040,0.015,0.000,1434121027
112,20150612,0.034,0.047,0.000,1434121028
113,20150612,0.059,0.024,0.000,1434121029
114,20150612,0.030,0.019,0.000,1434121030
115,20150612,0.027,0.025,0.000,1434121031
116,20150612,0.023,0.022,0.000,1434121032
117,20150612,0.012,0.017,0.000,1434121033
118,20150612,0.020,0.017,0.000,1434121034
119,20150612,0.057,0.039,0.000,1434121035
120,20150612,0.037,0.037,0.000,1434121036
121,20150612,0.026,0.030,0.000,1434121037
122,20150612,0.020,0.027,0.000,1434121038
123,20150612,0.019,0.032,0.000,1434121039
124,20150612,0.022,0.025,0.000,1434121040
125,20150612,0.016,0.033,0.000,1434121041
126,20150612,0.050,0.026,0.000,1434121042
127,20150612,0.031,0.036,0.000,1434121043
128,20150612,0.032,0.035,0.000,1434121044
129,20150612,0.027,0.043,0.000,1434121045
130,20150612,0.041,0.021,0.000,1434121046
131,20150612,0.014,0.029,0.000,1434121047
132,20150612,0.015,0.044,0.000,1434121048
133,20150612,0.014,0.048,0.000,1434121049
134,20150612,0.020,0.036,0.000,1434121050
135,20150612,0.010,0.035,0.000,1434121051
136,20150612,0.015,0.023,0.000,1434121052
137,20150612,0.049,0.012,0.000,1434121053
138,20150612,0.042,0.027,0.000,1434121054
139,20150612,0.028,0.050,0.000,1434121055
140,20150612,0.057,0.029,0.000,1434121056
141,20150612,0.027,0.035,0.000,1434121057
142,20150612,0.034,0.027,0.000,1434121058
143,20150612,0.026,0.036,0.000,1434121059
144,20150612,0.021,0.028,0.000,1434121060
145,20150612,0.050,0.022,0.000,1434121061
146,20150612,0.043,0.040,0.000,1434121062
147,20150612,0.026,0.033,0.000,1434121063
148,20150612,0.015,0.025,0.000,1434121064
149,20150612,0.023,0.053,0.000,1434121065
150,20150612,0.014,0.031,0.000,1434121066
151,20150612,0.011,0.030,0.000,1434121067
152,20150612,0.016,0.019,0.000,1434121068
153,20150612,0.026,0.017,0.000,1434121069
154,20150612,0.018,0.015,0.000,1434121070
155,20150612,0.019,0.010,0.000,1434121071
156,20150612,0.054,0.017,0.000,1434121072
157,20150612,0.032,0.018,0.000,1434121073
158,20150612,0.018,0.016,0.000,1434121074
159,20150612,0.035,0.013,0.000,1434121075
160,20150612,0.017,0.016,0.000,1434121076
161,20150612,0.033,0.008,0.000,1434121077
162,20150612,0.054,0.005,0.000,1434121078
163,20150612,0.038,0.007,0.000,1434121079
164,20150612,0.050,0.012,0.000,1434121080
165,20150612,0.033,0.012,0.000,1434121081
166,20150612,0.032,0.011,0.000,1434121082
167,20150612,0.055,0.015,0.000,1434121083
168,20150612,0.031,0.030,0.000,1434121084
169,20150612,0.044,0.023,0.000,1434121085
170,20150612,0.023,0.014,0.000,1434121086
171,20150612,0.040,0.012,0.000,1434121087
172,20150612,0.036,0.010,0.000,1434121088
173,20150612,0.056,0.018,0.000,1434121089
174,20150612,0.031,0.027,0.000,1434121090
175,20150612,0.030,0.023,0.000,1434121091
176,20150612,0.020,0.017,0.000,1434121092
177,20150612,0.018,0.016,0.000,1434121093
178,20150612,0.036,0.010,0.000,1434121094
179,20150612,0.043,0.011,0.000,1434121095
180,20150612,0.035,0.029,0.000,1434121096
181,20150612,0.047,0.014,0.000,1434121097
182,20150612,0.025,0.016,0.000,1434121098
183,20150612,0.013,0.043,0.000,1434121099
184,20150612,0.022,0.022,0.000,1434121100
185,20150612,0.024,0.024,0.000,1434121101
186,20150612,0.027,0.013,0.000,1434121102
187,20150612,0.017,0.012,0.000,1434121103
188,20150612,0.044,0.024,0.000,1434121104
189,20150612,0.019,0.018,0.000,1434121105
190,20150612,0.014,0.026,0.000,1434121106
191,20150612,0.016,0.029,0.000,1434121107
192,20150612,0.015,0.037,0.000,1434121108
193,20150612,0.020,0.040,0.000,1434121109
194,20150612,0.030,0.020,0.000,1434121110
195,20150612,0.018,0.030,0.000,1434121111
196,20150612,0.008,0.046,0.000,1434121112
197,20150612,0.007,0.032,0.000,1434121113
198,20150612,0.009,0.034,0.000,1434121114
199,20150612,0.028,0.033,0.000,1434121115
200,20150612,0.045,0.022,0.000,1434121116
201,20150612,0.040,0.025,0.000,1434121117
202,20150612,0.024,0.032,0.000,1434121118
203,20150612,0.028,0.022,0.000,1434121119
204,20150612,0.013,0.027,0.000,1434121120
205,20150612,0.014,0.040,0.000,1434121121
206,20150612,0.015,0.035,0.000,1434121122
207,20150612,0.064,0.051,0.000,1434121123
208,20150612,0.047,0.032,0.000,1434121124
209,20150612,0.038,0.026,0.000,1434121125
210,20150612,0.044,0.023,0.000,1434121126
211,20150612,0.049,0.023,0.000,1434121127
212,20150612,0.034,0.021,0.000,1434121128
213,20150612,0.017,0.047,0.000,1434121129
214,20150612,0.030,0.032,0.000,1434121130
215,20150612,0.044,0.028,0.000,1434121131
216,20150612,0.029,0.040,0.000,1434121132
217,20150612,0.048,0.036,0.000,1434121133
218,20150612,0.032,0.060,0.000,1434121134
219,20150612,0.035,0.039,0.000,1434121135
220,20150612,0.053,0.031,0.000,1434121136
221,20150612,0.036,0.042,0.000,1434121137
222,20150612,0.028,0.033,0.000,1434121138
223,20150612,0.025,0.022,0.000,1434121139
224,20150612,0.031,0.014,0.000,1434121140
225,20150612,0.055,0.022,0.000,1434121141
226,20150612,0.041,0.032,0.000,1434121142
227,20150612,0.031,0.029,0.000,1434121143
228,20150612,0.029,0.033,0.000,1434121144
229,20150612,0.026,0.028,0.000,1434121145
230,20150612,0.022,0.029,0.000,1434121146
231,20150612,0.015,0.032,0.000,1434121147
232,20150612,0.023,0.036,0.000,1434121148
233,20150612,0.035,0.054,0.000,1434121149
234,20150612,0.025,0.054,0.000,1434121150
235,20150612,0.020,0.042,0.000,1434121151
236,20150612,0.029,0.034,0.000,1434121152
237,20150612,0.019,0.038,0.000,1434121153
238,20150612,0.026,0.025,0.000,1434121154
239,20150612,0.027,0.027,0.000,1434121155
240,20150612,0.023,0.026,0.000,1434121156
241,20150612,0.012,0.043,0.000,1434121157
242,20150612,0.028,0.036,0.000,1434121158
243,20150612,0.029,0.046,0.000,1434121159
244,20150612,0.029,0.028,0.000,1434121160
245,20150612,0.027,0.041,0.000,1434121161
246,20150612,0.017,0.031,0.000,1434121162
247,20150612,0.030,0.029,0.000,1434121163
248,20150612,0.026,0.033,0.000,1434121164
249,20150612,0.033,0.027,0.000,1434121165
250,20150612,0.031,0.050,0.000,1434121166
251,20150612,0.017,0.042,0.000,1434121167
252,20150612,0.025,0.050,0.000,1434121168
253,20150612,0.030,0.036,0.000,1434121169
254,20150612,0.025,0.037,0.000,1434121170
255,20150612,0.026,0.027,0.000,1434121171
256,20150612,0.023,0.022,0.000,1434121172
257,20150612,0.016,0.031,0.000,1434121173
258,20150612,0.012,0.027,0.000,1434121174
259,20150612,0.013,0.019,0.000,1434121175
260,20150612,0.017,0.033,0.000,1434121176
261,20150612,0.024,0.032,0.000,1434121177
262,20150612,0.023,0.035,0.000,1434121178
263,20150612,0.014,0.027,0.000,1434121179
264,20150612,0.019,0.027,0.000,1434121180
265,20150612,0.012,0.029,0.000,1434121181
266,20150612,0.016,0.037,0.000,1434121182
267,20150612,0.019,0.025,0.000,1434121183
268,20150612,0.015,0.033,0.000,1434121184
269,20150612,0.008,0.058,0.000,1434121185
270,20150612,0.037,0.038,0.000,1434121186
271,20150612,0.030,0.036,0.000,1434121187
272,20150612,0.016,0.032,0.000,1434121188
273,20150612,0.017,0.042,0.000,1434121189
274,20150612,0.010,0.045,0.000,1434121190
275,20150612,0.028,0.025,0.000,1434121191
276,20150612,0.032,0.019,0.000,1434121192
277,20150612,0.030,0.044,0.000,1434121193
278,20150612,0.033,0.026,0.000,1434121194
279,20150612,0.024,0.039,0.000,1434121195
280,20150612,0.024,0.029,0.000,1434121196
281,20150612,0.036,0.032,0.000,1434121197
282,20150612,0.037,0.055,0.000,1434121198
283,20150612,0.022,0.042,0.000,1434121199
284,20150612,0.013,0.028,0.000,1434121200
285,20150612,0.006,0.019,0.000,1434121201
286,20150612,0.010,0.014,0.000,1434121202
287,20150612,0.015,0.021,0.000,1434121203
288,20150612,0.015,0.050,0.000,1434121204
289,20150612,0.017,0.031,0.000,1434121205
290,20150612,0.027,0.048,0.000,1434121206
291,20150612,0.020,0.032,0.000,1434121207
292,20150612,0.024,0.021,0.000,1434121208
293,20150612,0.018,0.019,0.000,1434121209
294,20150612,0.028,0.070,0.000,1434121210
295,20150612,0.013,0.044,0.000,1434121211
296,20150612,0.029,0.036,0.000,1434121212
297,20150612,0.033,0.021,0.000,1434121213
298,20150612,0.052,0.021,0.000,1434121214
299,20150612,0.037,0.017,0.000,1434121215
300,20150612,0.030,0.038,0.000,1434121216
301,20150612,0.037,0.061,0.000,1434121217
302,20150612,0.027,0.031,0.000,1434121218
303,20150612,0.018,0.023,0.000,1434121219
304,20150612,0.008,0.012,0.000,1434121220
305,20150612,0.005,0.008,0.000,1434121221
306,20150612,0.003,0.005,0.000,1434121222
307,20150612,0.002,0.005,0.000,1434121223
