index,session,leftEnergy,rightEnergy,phoneEnergy,time
1,20150612,0.000,0.005,0.015,1434131520
2,20150612,0.001,0.003,0.008,1434131521
3,20150612,0.001,0.003,0.006,1434131522
4,20150612,0.009,0.003,0.005,1434131523
5,20150612,0.003,0.003,0.005,1434131524
6,20150612,0.003,0.002,0.003,1434131525
7,20150612,0.011,0.012,0.018,1434131526
8,20150612,0.044,0.042,0.074,1434131527
9,20150612,0.047,0.043,0.056,1434131528
10,20150612,0.030,0.037,0.042,1434131529
11,20150612,0.028,0.027,0.026,1434131530
12,20150612,0.017,0.018,0.021,1434131531
13,20150612,0.011,0.012,0.018,1434131532
14,20150612,0.012,0.010,0.017,1434131533
15,20150612,0.011,0.008,0.018,1434131534
16,20150612,0.012,0.008,0.018,1434131535
17,20150612,0.014,0.008,0.017,1434131536
18,20150612,0.013,0.009,0.018,1434131537
19,20150612,0.014,0.009,0.017,1434131538
20,20150612,0.014,0.007,0.018,1434131539
21,20150612,0.013,0.011,0.018,1434131540
22,20150612,0.012,0.009,0.017,1434131541
23,20150612,0.013,0.008,0.017,1434131542
24,20150612,0.013,0.010,0.019,1434131543
25,20150612,0.011,0.011,0.018,1434131544
26,20150612,0.011,0.010,0.018,1434131545
27,20150612,0.013,0.010,0.018,1434131546
28,20150612,0.014,0.009,0.018,1434131547
29,20150612,0.012,0.009,0.017,1434131548
30,20150612,0.013,0.010,0.019,1434131549
31,20150612,0.011,0.009,0.019,1434131550
32,20150612,0.013,0.009,0.018,1434131551
33,20150612,0.012,0.009,0.020,1434131552
34,20150612,0.013,0.009,0.020,1434131553
35,20150612,0.014,0.010,0.020,1434131554
36,20150612,0.012,0.011,0.019,1434131555
37,20150612,0.013,0.010,0.019,1434131556
38,20150612,0.013,0.010,0.020,1434131557
39,20150612,0.012,0.010,0.019,1434131558
40,20150612,0.012,0.011,0.018,1434131559
41,20150612,0.013,0.011,0.019,1434131560
42,20150612,0.014,0.011,0.020,1434131561
43,20150612,0.012,0.010,0.018,1434131562
44,20150612,0.012,0.011,0.017,1434131563
45,20150612,0.013,0.011,0.018,1434131564
46,20150612,0.013,0.009,0.019,1434131565
47,20150612,0.010,0.009,0.018,1434131566
48,20150612,0.011,0.009,0.016,1434131567
49,20150612,0.012,0.011,0.016,1434131568
50,20150612,0.013,0.010,0.019,1434131569
51,20150612,0.013,0.010,0.020,1434131570
52,20150612,0.012,0.010,0.019,1434131571
53,20150612,0.012,0.009,0.020,1434131572
54,20150612,0.013,0.010,0.020,1434131573
55,20150612,0.013,0.011,0.021,1434131574
56,20150612,0.014,0.009,0.022,1434131575
57,20150612,0.012,0.009,0.019,1434131576
58,20150612,0.011,0.008,0.019,1434131577
59,20150612,0.012,0.011,0.018,1434131578
60,20150612,0.013,0.011,0.018,1434131579
61,20150612,0.013,0.011,0.018,1434131580
62,20150612,0.012,0.010,0.018,1434131581
63,20150612,0.013,0.011,0.018,1434131582
64,20150612,0.013,0.009,0.019,1434131583
65,20150612,0.012,0.009,0.016,1434131584
66,20150612,0.013,0.010,0.016,1434131585
67,20150612,0.015,0.011,0.018,1434131586
68,20150612,0.015,0.013,0.019,1434131587
69,20150612,0.013,0.010,0.020,1434131588
70,20150612,0.013,0.012,0.020,1434131589
71,20150612,0.012,0.010,0.020,1434131590
72,20150612,0.012,0.009,0.021,1434131591
73,20150612,0.013,0.010,0.020,1434131592
74,20150612,0.015,0.009,0.021,1434131593
75,20150612,0.014,0.009,0.023,1434131594
76,20150612,0.014,0.011,0.022,1434131595
77,20150612,0.013,0.011,0.022,1434131596
78,20150612,0.014,0.012,0.023,1434131597
79,20150612,0.013,0.011,0.020,1434131598
80,20150612,0.020,0.018,0.026,1434131599
81,20150612,0.012,0.011,0.020,1434131600
82,20150612,0.012,0.009,0.020,1434131601
83,20150612,0.012,0.009,0.020,1434131602
84,20150612,0.014,0.011,0.021,1434131603
85,20150612,0.013,0.008,0.019,1434131604
86,20150612,0.014,0.010,0.022,1434131605
87,20150612,0.012,0.016,0.019,1434131606
88,20150612,0.010,0.015,0.017,1434131607
89,20150612,0.009,0.010,0.016,1434131608
90,20150612,0.009,0.009,0.019,1434131609
91,20150612,0.011,0.010,0.021,1434131610
92,20150612,0.011,0.010,0.023,1434131611
93,20150612,0.012,0.010,0.019,1434131612
94,20150612,0.013,0.011,0.022,1434131613
95,20150612,0.013,0.009,0.022,1434131614
96,20150612,0.012,0.009,0.019,1434131615
97,20150612,0.013,0.011,0.022,1434131616
98,20150612,0.013,0.011,0.022,1434131617
99,20150612,0.014,0.014,0.022,1434131618
100,20150612,0.011,0.009,0.022,1434131619
101,20150612,0.012,0.010,0.020,1434131620
102,20150612,0.012,0.010,0.021,1434131621
103,20150612,0.014,0.010,0.020,1434131622
104,20150612,0.013,0.011,0.022,1434131623
105,20150612,0.012,0.010,0.022,1434131624
106,20150612,0.012,0.009,0.021,1434131625
107,20150612,0.012,0.009,0.020,1434131626
108,20150612,0.010,0.008,0.019,1434131627
109,20150612,0.011,0.010,0.019,1434131628
110,20150612,0.012,0.010,0.021,1434131629
111,20150612,0.011,0.008,0.021,1434131630
112,20150612,0.011,0.009,0.022,1434131631
113,20150612,0.013,0.009,0.017,1434131632
114,20150612,0.012,0.011,0.016,1434131633
115,20150612,0.011,0.009,0.017,1434131634
116,20150612,0.011,0.009,0.019,1434131635
117,20150612,0.012,0.009,0.021,1434131636
118,20150612,0.014,0.009,0.022,1434131637
119,20150612,0.016,0.009,0.022,1434131638
120,20150612,0.014,0.010,0.019,1434131639
121,20150612,0.010,0.014,0.019,1434131640
122,20150612,0.012,0.011,0.020,1434131641
123,20150612,0.010,0.009,0.020,1434131642
124,20150612,0.009,0.008,0.017,1434131643
125,20150612,0.010,0.008,0.018,1434131644
126,20150612,0.010,0.010,0.018,1434131645
127,20150612,0.011,0.010,0.017,1434131646
128,20150612,0.010,0.008,0.019,1434131647
129,20150612,0.010,0.009,0.019,1434131648
130,20150612,0.009,0.009,0.022,1434131649
131,20150612,0.010,0.008,0.020,1434131650
132,20150612,0.009,0.010,0.021,1434131651
133,20150612,0.011,0.009,0.020,1434131652
134,20150612,0.009,0.008,0.020,1434131653
135,20150612,0.009,0.009,0.018,1434131654
136,20150612,0.011,0.010,0.019,1434131655
137,20150612,0.010,0.008,0.020,1434131656
138,20150612,0.010,0.009,0.020,1434131657
139,20150612,0.010,0.009,0.022,1434131658
140,20150612,0.011,0.009,0.022,1434131659
141,20150612,0.011,0.012,0.020,1434131660
142,20150612,0.011,0.009,0.021,1434131661
143,20150612,0.011,0.009,0.020,1434131662
144,20150612,0.011,0.009,0.019,1434131663
145,20150612,0.011,0.009,0.020,1434131664
146,20150612,0.010,0.008,0.019,1434131665
147,20150612,0.009,0.008,0.020,1434131666
148,20150612,0.010,0.009,0.021,1434131667
149,20150612,0.009,0.008,0.021,1434131668
150,20150612,0.010,0.009,0.021,1434131669
151,20150612,0.010,0.009,0.021,1434131670
152,20150612,0.009,0.008,0.020,1434131671
153,20150612,0.011,0.009,0.020,1434131672
154,20150612,0.013,0.010,0.021,1434131673
155,20150612,0.011,0.010,0.021,1434131674
156,20150612,0.012,0.009,0.021,1434131675
157,20150612,0.013,0.009,0.020,1434131676
158,20150612,0.011,0.009,0.019,1434131677
159,20150612,0.011,0.010,0.018,1434131678
160,20150612,0.017,0.017,0.018,1434131679
161,20150612,0.017,0.011,0.020,1434131680
162,20150612,0.009,0.010,0.020,1434131681
163,20150612,0.014,0.011,0.021,1434131682
164,20150612,0.015,0.010,0.019,1434131683
165,20150612,0.014,0.008,0.020,1434131684
166,20150612,0.011,0.009,0.022,1434131685
167,20150612,0.011,0.009,0.018,1434131686
168,20150612,0.011,0.010,0.017,1434131687
169,20150612,0.010,0.011,0.019,1434131688
170,20150612,0.011,0.008,0.019,1434131689
171,20150612,0.012,0.009,0.018,1434131690
172,20150612,0.015,0.009,0.022,1434131691
173,20150612,0.011,0.013,0.017,1434131692
174,20150612,0.009,0.008,0.017,1434131693
175,20150612,0.009,0.009,0.017,1434131694
176,20150612,0.010,0.008,0.018,1434131695
177,20150612,0.010,0.008,0.020,1434131696
178,20150612,0.012,0.010,0.019,1434131697
179,20150612,0.012,0.010,0.018,1434131698
180,20150612,0.011,0.009,0.020,1434131699
181,20150612,0.010,0.009,0.019,1434131700
182,20150612,0.010,0.010,0.020,1434131701
183,20150612,0.010,0.009,0.019,1434131702
184,20150612,0.013,0.010,0.020,1434131703
185,20150612,0.012,0.011,0.021,1434131704
186,20150612,0.011,0.009,0.019,1434131705
187,20150612,0.011,0.011,0.020,1434131706
188,20150612,0.012,0.010,0.020,1434131707
189,20150612,0.012,0.008,0.022,1434131708
190,20150612,0.012,0.009,0.021,1434131709
191,20150612,0.012,0.012,0.021,1434131710
192,20150612,0.014,0.009,0.021,1434131711
193,20150612,0.012,0.010,0.023,1434131712
194,20150612,0.012,0.010,0.022,1434131713
195,20150612,0.012,0.010,0.023,1434131714
196,20150612,0.011,0.008,0.021,1434131715
197,20150612,0.010,0.011,0.019,1434131716
198,20150612,0.010,0.010,0.019,1434131717
199,20150612,0.010,0.009,0.019,1434131718
200,20150612,0.011,0.011,0.020,1434131719
201,20150612,0.011,0.012,0.020,1434131720
202,20150612,0.012,0.009,0.020,1434131721
203,20150612,0.012,0.009,0.019,1434131722
204,20150612,0.011,0.009,0.019,1434131723
205,20150612,0.011,0.011,0.019,1434131724
206,20150612,0.011,0.010,0.020,1434131725
207,20150612,0.010,0.011,0.019,1434131726
208,20150612,0.011,0.008,0.019,1434131727
209,20150612,0.013,0.009,0.021,1434131728
210,20150612,0.011,0.008,0.019,1434131729
211,20150612,0.011,0.010,0.020,1434131730
212,20150612,0.010,0.008,0.020,1434131731
213,20150612,0.013,0.010,0.018,1434131732
214,20150612,0.016,0.016,0.021,1434131733
215,20150612,0.014,0.013,0.018,1434131734
216,20150612,0.011,0.011,0.020,1434131735
217,20150612,0.011,0.010,0.018,1434131736
218,20150612,0.014,0.012,0.017,1434131737
219,20150612,0.013,0.014,0.020,1434131738
220,20150612,0.017,0.018,0.019,1434131739
221,20150612,0.014,0.015,0.020,1434131740
222,20150612,0.015,0.017,0.019,1434131741
223,20150612,0.013,0.014,0.021,1434131742
224,20150612,0.014,0.016,0.021,1434131743
225,20150612,0.011,0.012,0.019,1434131744
226,20150612,0.012,0.013,0.022,1434131745
227,20150612,0.012,0.011,0.020,1434131746
228,20150612,0.013,0.010,0.021,1434131747
229,20150612,0.012,0.009,0.018,1434131748
230,20150612,0.009,0.011,0.016,1434131749
231,20150612,0.010,0.009,0.017,1434131750
232,20150612,0.010,0.009,0.017,1434131751
233,20150612,0.010,0.009,0.018,1434131752
234,20150612,0.010,0.009,0.019,1434131753
235,20150612,0.010,0.010,0.020,1434131754
236,20150612,0.010,0.009,0.021,1434131755
237,20150612,0.011,0.010,0.019,1434131756
238,20150612,0.011,0.008,0.020,1434131757
239,20150612,0.012,0.010,0.019,1434131758
240,20150612,0.013,0.011,0.019,1434131759
241,20150612,0.011,0.014,0.020,1434131760
242,20150612,0.017,0.016,0.022,1434131761
243,20150612,0.015,0.014,0.021,1434131762
244,20150612,0.015,0.010,0.021,1434131763
245,20150612,0.012,0.009,0.022,1434131764
246,20150612,0.013,0.009,0.021,1434131765
247,20150612,0.010,0.008,0.020,1434131766
248,20150612,0.012,0.008,0.020,1434131767
249,20150612,0.009,0.010,0.020,1434131768
250,20150612,0.011,0.011,0.020,1434131769
251,20150612,0.008,0.010,0.019,1434131770
252,20150612,0.010,0.010,0.017,1434131771
253,20150612,0.012,0.009,0.021,1434131772
254,20150612,0.012,0.009,0.019,1434131773
255,20150612,0.012,0.008,0.019,1434131774
256,20150612,0.010,0.008,0.019,1434131775
257,20150612,0.011,0.010,0.020,1434131776
258,20150612,0.011,0.009,0.019,1434131777
259,20150612,0.011,0.009,0.020,1434131778
260,20150612,0.011,0.009,0.019,1434131779
261,20150612,0.010,0.009,0.020,1434131780
262,20150612,0.011,0.011,0.019,1434131781
263,20150612,0.011,0.009,0.020,1434131782
264,20150612,0.011,0.009,0.020,1434131783
265,20150612,0.012,0.010,0.019,1434131784
266,20150612,0.012,0.010,0.020,1434131785
267,20150612,0.012,0.010,0.020,1434131786
268,20150612,0.012,0.011,0.021,1434131787
269,20150612,0.010,0.011,0.021,1434131788
270,20150612,0.011,0.012,0.019,1434131789
271,20150612,0.012,0.010,0.019,1434131790
272,20150612,0.013,0.010,0.021,1434131791
273,20150612,0.015,0.012,0.022,1434131792
274,20150612,0.012,0.013,0.022,1434131793
275,20150612,0.012,0.012,0.021,1434131794
276,20150612,0.013,0.011,0.020,1434131795
277,20150612,0.013,0.011,0.022,1434131796
278,20150612,0.012,0.011,0.020,1434131797
279,20150612,0.012,0.010,0.020,1434131798
280,20150612,0.015,0.012,0.021,1434131799
281,20150612,0.014,0.012,0.022,1434131800
282,20150612,0.014,0.013,0.021,1434131801
283,20150612,0.013,0.014,0.019,1434131802
284,20150612,0.013,0.011,0.019,1434131803
285,20150612,0.013,0.012,0.020,1434131804
286,20150612,0.013,0.011,0.018,1434131805
287,20150612,0.014,0.010,0.019,1434131806
288,20150612,0.016,0.011,0.020,1434131807
289,20150612,0.018,0.021,0.020,1434131808
290,20150612,0.010,0.012,0.022,1434131809
291,20150612,0.013,0.012,0.019,1434131810
292,20150612,0.012,0.011,0.019,1434131811
293,20150612,0.013,0.010,0.017,1434131812
294,20150612,0.012,0.011,0.019,1434131813
295,20150612,0.012,0.010,0.019,1434131814
296,20150612,0.012,0.009,0.018,1434131815
297,20150612,0.016,0.020,0.021,1434131816
298,20150612,0.028,0.025,0.015,1434131817
299,20150612,0.013,0.052,0.053,1434131818
300,20150612,0.003,0.058,0.063,1434131819
301,20150612,0.003,0.035,0.044,1434131820
302,20150612,0.003,0.021,0.027,1434131821
