index,session,leftEnergy,rightEnergy,phoneEnergy,time
1,20150612,0.001,0.010,0.000,1434118335
2,20150612,0.001,0.017,0.000,1434118336
3,20150612,0.001,0.011,0.000,1434118337
4,20150612,0.009,0.008,0.000,1434118338
5,20150612,0.003,0.005,0.000,1434118339
6,20150612,0.002,0.002,0.000,1434118340
7,20150612,0.001,0.002,0.000,1434118341
8,20150612,0.001,0.013,0.000,1434118342
9,20150612,0.002,0.014,0.000,1434118343
10,20150612,0.001,0.016,0.000,1434118344
11,20150612,0.000,0.044,0.000,1434118345
12,20150612,0.000,0.027,0.000,1434118346
13,20150612,0.000,0.016,0.000,1434118347
14,20150612,0.001,0.034,0.000,1434118348
15,20150612,0.026,0.014,0.001,1434118349
16,20150612,0.065,0.016,0.019,1434118350
17,20150612,0.031,0.027,0.039,1434118351
18,20150612,0.016,0.016,0.022,1434118352
19,20150612,0.013,0.007,0.011,1434118353
20,20150612,0.027,0.024,0.014,1434118354
21,20150612,0.023,0.027,0.004,1434118355
22,20150612,0.013,0.016,0.003,1434118356
23,20150612,0.007,0.008,0.002,1434118357
24,20150612,0.005,0.007,0.003,1434118358
25,20150612,0.002,0.004,0.002,1434118359
26,20150612,0.001,0.002,0.001,1434118360
27,20150612,0.001,0.001,0.001,1434118361
28,20150612,0.003,0.002,0.002,1434118362
29,20150612,0.001,0.001,0.002,1434118363
30,20150612,0.001,0.002,0.001,1434118364
31,20150612,0.001,0.001,0.001,1434118365
32,20150612,0.001,0.001,0.001,1434118366
33,20150612,0.001,0.001,0.001,1434118367
34,20150612,0.000,0.000,0.001,1434118368
35,20150612,0.000,0.000,0.000,1434118369
36,20150612,0.000,0.000,0.001,1434118370
37,20150612,0.001,0.000,0.001,1434118371
38,20150612,0.001,0.001,0.001,1434118372
39,20150612,0.001,0.001,0.001,1434118373
40,20150612,0.001,0.001,0.001,1434118374
41,20150612,0.001,0.000,0.001,1434118375
42,20150612,0.003,0.002,0.004,1434118376
43,20150612,0.027,0.012,0.026,1434118377
44,20150612,0.014,0.018,0.010,1434118378
45,20150612,0.008,0.019,0.010,1434118379
46,20150612,0.008,0.010,0.006,1434118380
47,20150612,0.013,0.024,0.010,1434118381
48,20150612,0.012,0.025,0.010,1434118382
49,20150612,0.003,0.028,0.003,1434118383
50,20150612,0.010,0.022,0.011,1434118384
51,20150612,0.014,0.024,0.009,1434118385
52,20150612,0.013,0.019,0.007,1434118386
53,20150612,0.007,0.021,0.013,1434118387
54,20150612,0.068,0.030,0.023,1434118388
55,20150612,0.036,0.037,0.021,1434118389
56,20150612,0.029,0.041,0.010,1434118390
57,20150612,0.036,0.064,0.006,1434118391
58,20150612,0.039,0.046,0.004,1434118392
59,20150612,0.052,0.052,0.002,1434118393
60,20150612,0.050,0.034,0.001,1434118394
61,20150612,0.036,0.028,0.001,1434118395
62,20150612,0.024,0.018,0.001,1434118396
63,20150612,0.052,0.017,0.000,1434118397
64,20150612,0.040,0.018,0.000,1434118398
65,20150612,0.028,0.032,0.000,1434118399
66,20150612,0.016,0.019,0.000,1434118400
67,20150612,0.008,0.022,0.000,1434118401
68,20150612,0.021,0.020,0.000,1434118402
69,20150612,0.035,0.015,0.000,1434118403
70,20150612,0.027,0.040,0.000,1434118404
71,20150612,0.019,0.026,0.000,1434118405
72,20150612,0.022,0.043,0.000,1434118406
73,20150612,0.022,0.020,0.000,1434118407
74,20150612,0.028,0.023,0.000,1434118408
75,20150612,0.037,0.030,0.000,1434118409
76,20150612,0.018,0.018,0.000,1434118410
77,20150612,0.024,0.033,0.000,1434118411
78,20150612,0.027,0.033,0.000,1434118412
79,20150612,0.020,0.022,0.000,1434118413
80,20150612,0.010,0.021,0.000,1434118414
81,20150612,0.011,0.019,0.000,1434118415
82,20150612,0.013,0.019,0.000,1434118416
83,20150612,0.015,0.017,0.000,1434118417
84,20150612,0.044,0.033,0.000,1434118418
85,20150612,0.028,0.044,0.000,1434118419
86,20150612,0.059,0.058,0.000,1434118420
87,20150612,0.031,0.048,0.000,1434118421
88,20150612,0.028,0.036,0.000,1434118422
89,20150612,0.029,0.038,0.000,1434118423
90,20150612,0.051,0.022,0.000,1434118424
91,20150612,0.033,0.036,0.000,1434118425
92,20150612,0.032,0.031,0.000,1434118426
93,20150612,0.040,0.030,0.000,1434118427
94,20150612,0.023,0.044,0.000,1434118428
95,20150612,0.027,0.022,0.000,1434118429
96,20150612,0.022,0.021,0.000,1434118430
97,20150612,0.033,0.026,0.000,1434118431
98,20150612,0.017,0.018,0.001,1434118432
99,20150612,0.014,0.016,0.001,1434118433
100,20150612,0.040,0.023,0.002,1434118434
101,20150612,0.038,0.016,0.000,1434118435
102,20150612,0.023,0.007,0.000,1434118436
103,20150612,0.012,0.005,0.000,1434118437
104,20150612,0.012,0.004,0.000,1434118438
105,20150612,0.013,0.003,0.000,1434118439
106,20150612,0.011,0.002,0.000,1434118440
107,20150612,0.008,0.002,0.000,1434118441
108,20150612,0.013,0.011,0.000,1434118442
109,20150612,0.059,0.034,0.000,1434118443
110,20150612,0.042,0.060,0.000,1434118444
111,20150612,0.037,0.057,0.000,1434118445
112,20150612,0.026,0.030,0.000,1434118446
113,20150612,0.025,0.036,0.000,1434118447
114,20150612,0.010,0.024,0.000,1434118448
115,20150612,0.034,0.051,0.000,1434118449
116,20150612,0.036,0.037,0.000,1434118450
117,20150612,0.037,0.041,0.000,1434118451
118,20150612,0.043,0.030,0.000,1434118452
119,20150612,0.027,0.022,0.000,1434118453
120,20150612,0.020,0.043,0.000,1434118454
121,20150612,0.035,0.037,0.000,1434118455
122,20150612,0.060,0.058,0.000,1434118456
123,20150612,0.053,0.039,0.000,1434118457
124,20150612,0.034,0.024,0.000,1434118458
125,20150612,0.020,0.014,0.000,1434118459
126,20150612,0.011,0.009,0.000,1434118460
127,20150612,0.008,0.005,0.000,1434118461
128,20150612,0.005,0.003,0.000,1434118462
129,20150612,0.002,0.002,0.000,1434118463
130,20150612,0.001,0.001,0.000,1434118464
131,20150612,0.001,0.001,0.000,1434118465
132,20150612,0.003,0.001,0.000,1434118466
133,20150612,0.003,0.005,0.000,1434118467
134,20150612,0.010,0.007,0.000,1434118468
135,20150612,0.013,0.019,0.000,1434118469
136,20150612,0.025,0.013,0.000,1434118470
137,20150612,0.036,0.020,0.000,1434118471
138,20150612,0.025,0.032,0.000,1434118472
139,20150612,0.012,0.035,0.000,1434118473
140,20150612,0.005,0.051,0.000,1434118474
141,20150612,0.003,0.025,0.000,1434118475
142,20150612,0.002,0.014,0.000,1434118476
143,20150612,0.002,0.007,0.000,1434118477
144,20150612,0.001,0.005,0.000,1434118478
145,20150612,0.001,0.008,0.000,1434118479
146,20150612,0.001,0.039,0.000,1434118480
147,20150612,0.001,0.024,0.000,1434118481
148,20150612,0.001,0.020,0.000,1434118482
149,20150612,0.001,0.019,0.000,1434118483
150,20150612,0.000,0.011,0.000,1434118484
151,20150612,0.000,0.007,0.000,1434118485
152,20150612,0.001,0.020,0.000,1434118486
153,20150612,0.002,0.048,0.000,1434118487
154,20150612,0.006,0.028,0.000,1434118488
155,20150612,0.002,0.018,0.000,1434118489
156,20150612,0.003,0.034,0.000,1434118490
157,20150612,0.002,0.049,0.000,1434118491
158,20150612,0.002,0.017,0.000,1434118492
159,20150612,0.001,0.024,0.000,1434118493
160,20150612,0.001,0.016,0.000,1434118494
161,20150612,0.001,0.055,0.000,1434118495
162,20150612,0.001,0.037,0.000,1434118496
163,20150612,0.001,0.029,0.000,1434118497
164,20150612,0.000,0.032,0.000,1434118498
165,20150612,0.000,0.021,0.000,1434118499
166,20150612,0.000,0.012,0.000,1434118500
167,20150612,0.000,0.014,0.000,1434118501
168,20150612,0.000,0.026,0.000,1434118502
169,20150612,0.000,0.027,0.000,1434118503
170,20150612,0.001,0.055,0.000,1434118504
171,20150612,0.000,0.035,0.000,1434118505
172,20150612,0.000,0.022,0.000,1434118506
173,20150612,0.000,0.027,0.000,1434118507
174,20150612,0.000,0.027,0.000,1434118508
175,20150612,0.001,0.026,0.000,1434118509
176,20150612,0.002,0.032,0.000,1434118510
177,20150612,0.002,0.020,0.000,1434118511
178,20150612,0.002,0.035,0.000,1434118512
179,20150612,0.005,0.026,0.000,1434118513
180,20150612,0.003,0.031,0.000,1434118514
181,20150612,0.003,0.028,0.000,1434118515
182,20150612,0.002,0.030,0.000,1434118516
183,20150612,0.001,0.021,0.000,1434118517
184,20150612,0.006,0.021,0.000,1434118518
185,20150612,0.003,0.020,0.000,1434118519
186,20150612,0.005,0.043,0.000,1434118520
187,20150612,0.004,0.046,0.000,1434118521
188,20150612,0.003,0.043,0.000,1434118522
189,20150612,0.003,0.026,0.000,1434118523
190,20150612,0.003,0.020,0.000,1434118524
191,20150612,0.021,0.014,0.000,1434118525
192,20150612,0.029,0.025,0.000,1434118526
193,20150612,0.017,0.048,0.000,1434118527
194,20150612,0.009,0.023,0.000,1434118528
195,20150612,0.005,0.020,0.000,1434118529
196,20150612,0.006,0.036,0.000,1434118530
197,20150612,0.002,0.027,0.000,1434118531
198,20150612,0.003,0.019,0.000,1434118532
199,20150612,0.016,0.014,0.000,1434118533
200,20150612,0.022,0.038,0.000,1434118534
201,20150612,0.018,0.053,0.000,1434118535
202,20150612,0.011,0.043,0.000,1434118536
203,20150612,0.007,0.025,0.000,1434118537
204,20150612,0.004,0.014,0.000,1434118538
205,20150612,0.002,0.012,0.000,1434118539
206,20150612,0.001,0.014,0.000,1434118540
207,20150612,0.001,0.005,0.000,1434118541
208,20150612,0.001,0.005,0.000,1434118542
209,20150612,0.000,0.009,0.000,1434118543
210,20150612,0.001,0.006,0.000,1434118544
211,20150612,0.006,0.059,0.000,1434118545
212,20150612,0.014,0.044,0.000,1434118546
213,20150612,0.012,0.018,0.000,1434118547
214,20150612,0.011,0.032,0.000,1434118548
215,20150612,0.008,0.025,0.000,1434118549
216,20150612,0.007,0.023,0.000,1434118550
217,20150612,0.004,0.045,0.000,1434118551
218,20150612,0.003,0.021,0.000,1434118552
219,20150612,0.002,0.012,0.000,1434118553
220,20150612,0.001,0.011,0.000,1434118554
221,20150612,0.003,0.023,0.000,1434118555
222,20150612,0.005,0.027,0.000,1434118556
223,20150612,0.002,0.030,0.000,1434118557
224,20150612,0.003,0.023,0.000,1434118558
225,20150612,0.003,0.025,0.000,1434118559
226,20150612,0.002,0.017,0.000,1434118560
227,20150612,0.002,0.015,0.000,1434118561
228,20150612,0.001,0.020,0.000,1434118562
229,20150612,0.001,0.023,0.000,1434118563
230,20150612,0.001,0.020,0.000,1434118564
231,20150612,0.005,0.012,0.000,1434118565
232,20150612,0.003,0.044,0.000,1434118566
233,20150612,0.001,0.023,0.000,1434118567
234,20150612,0.001,0.023,0.000,1434118568
235,20150612,0.001,0.014,0.000,1434118569
236,20150612,0.001,0.019,0.000,1434118570
237,20150612,0.001,0.016,0.000,1434118571
238,20150612,0.001,0.023,0.000,1434118572
239,20150612,0.001,0.032,0.000,1434118573
240,20150612,0.007,0.017,0.000,1434118574
241,20150612,0.005,0.018,0.000,1434118575
242,20150612,0.004,0.021,0.000,1434118576
243,20150612,0.005,0.044,0.000,1434118577
244,20150612,0.010,0.037,0.000,1434118578
245,20150612,0.008,0.033,0.000,1434118579
246,20150612,0.005,0.039,0.000,1434118580
247,20150612,0.003,0.022,0.000,1434118581
248,20150612,0.002,0.033,0.000,1434118582
249,20150612,0.001,0.024,0.000,1434118583
250,20150612,0.009,0.015,0.000,1434118584
251,20150612,0.023,0.017,0.000,1434118585
252,20150612,0.008,0.039,0.000,1434118586
253,20150612,0.005,0.017,0.000,1434118587
254,20150612,0.006,0.017,0.000,1434118588
255,20150612,0.005,0.024,0.000,1434118589
256,20150612,0.004,0.031,0.000,1434118590
257,20150612,0.001,0.031,0.000,1434118591
258,20150612,0.001,0.022,0.000,1434118592
259,20150612,0.001,0.018,0.000,1434118593
260,20150612,0.001,0.024,0.000,1434118594
261,20150612,0.000,0.027,0.000,1434118595
262,20150612,0.001,0.025,0.000,1434118596
263,20150612,0.003,0.025,0.000,1434118597
264,20150612,0.002,0.045,0.000,1434118598
265,20150612,0.001,0.016,0.000,1434118599
266,20150612,0.000,0.015,0.000,1434118600
267,20150612,0.001,0.020,0.000,1434118601
268,20150612,0.001,0.033,0.000,1434118602
269,20150612,0.002,0.024,0.000,1434118603
270,20150612,0.005,0.044,0.000,1434118604
271,20150612,0.003,0.034,0.000,1434118605
272,20150612,0.002,0.033,0.000,1434118606
273,20150612,0.001,0.030,0.000,1434118607
274,20150612,0.003,0.022,0.000,1434118608
275,20150612,0.001,0.011,0.000,1434118609
276,20150612,0.001,0.007,0.000,1434118610
277,20150612,0.001,0.004,0.000,1434118611
278,20150612,0.001,0.002,0.000,1434118612
279,20150612,0.000,0.002,0.000,1434118613
280,20150612,0.000,0.001,0.000,1434118614
281,20150612,0.000,0.005,0.000,1434118615
282,20150612,0.001,0.023,0.000,1434118616
283,20150612,0.001,0.017,0.000,1434118617
284,20150612,0.001,0.014,0.000,1434118618
285,20150612,0.000,0.039,0.000,1434118619
286,20150612,0.000,0.046,0.000,1434118620
287,20150612,0.000,0.034,0.000,1434118621
288,20150612,0.000,0.019,0.000,1434118622
289,20150612,0.000,0.009,0.000,1434118623
290,20150612,0.000,0.024,0.000,1434118624
291,20150612,0.000,0.035,0.000,1434118625
292,20150612,0.000,0.020,0.000,1434118626
293,20150612,0.000,0.024,0.000,1434118627
294,20150612,0.000,0.046,0.000,1434118628
295,20150612,0.000,0.040,0.000,1434118629
296,20150612,0.000,0.028,0.000,1434118630
297,20150612,0.000,0.014,0.000,1434118631
298,20150612,0.000,0.051,0.000,1434118632
299,20150612,0.000,0.032,0.000,1434118633
300,20150612,0.000,0.027,0.000,1434118634
301,20150612,0.000,0.026,0.000,1434118635
302,20150612,0.000,0.022,0.000,1434118636
303,20150612,0.000,0.051,0.000,1434118637
304,20150612,0.000,0.037,0.000,1434118638
305,20150612,0.000,0.019,0.000,1434118639
306,20150612,0.000,0.019,0.000,1434118640
307,20150612,0.000,0.035,0.000,1434118641
308,20150612,0.000,0.009,0.000,1434118642
309,20150612,0.000,0.012,0.000,1434118643
310,20150612,0.000,0.023,0.000,1434118644
311,20150612,0.000,0.027,0.000,1434118645
312,20150612,0.000,0.012,0.000,1434118646
313,20150612,0.000,0.013,0.000,1434118647
314,20150612,0.000,0.050,0.000,1434118648
315,20150612,0.000,0.032,0.000,1434118649
316,20150612,0.000,0.020,0.000,1434118650
317,20150612,0.000,0.039,0.000,1434118651
318,20150612,0.000,0.023,0.000,1434118652
319,20150612,0.000,0.020,0.000,1434118653
320,20150612,0.001,0.050,0.000,1434118654
321,20150612,0.000,0.043,0.000,1434118655
322,20150612,0.000,0.018,0.000,1434118656
323,20150612,0.000,0.008,0.000,1434118657
324,20150612,0.001,0.027,0.000,1434118658
325,20150612,0.003,0.020,0.000,1434118659
326,20150612,0.003,0.021,0.000,1434118660
327,20150612,0.001,0.040,0.000,1434118661
328,20150612,0.001,0.018,0.000,1434118662
329,20150612,0.002,0.014,0.000,1434118663
330,20150612,0.001,0.020,0.000,1434118664
331,20150612,0.007,0.015,0.000,1434118665
332,20150612,0.041,0.005,0.000,1434118666
333,20150612,0.038,0.004,0.000,1434118667
334,20150612,0.020,0.005,0.000,1434118668
335,20150612,0.030,0.003,0.000,1434118669
336,20150612,0.020,0.005,0.000,1434118670
337,20150612,0.020,0.033,0.000,1434118671
338,20150612,0.018,0.022,0.000,1434118672
339,20150612,0.010,0.041,0.000,1434118673
340,20150612,0.004,0.021,0.000,1434118674
341,20150612,0.003,0.033,0.000,1434118675
342,20150612,0.006,0.019,0.000,1434118676
343,20150612,0.003,0.028,0.000,1434118677
344,20150612,0.003,0.028,0.000,1434118678
345,20150612,0.002,0.018,0.000,1434118679
346,20150612,0.001,0.006,0.000,1434118680
347,20150612,0.001,0.008,0.000,1434118681
348,20150612,0.000,0.033,0.000,1434118682
349,20150612,0.001,0.021,0.000,1434118683
350,20150612,0.001,0.055,0.000,1434118684
351,20150612,0.004,0.028,0.000,1434118685
352,20150612,0.006,0.018,0.000,1434118686
353,20150612,0.003,0.027,0.000,1434118687
354,20150612,0.011,0.019,0.000,1434118688
355,20150612,0.007,0.013,0.000,1434118689
356,20150612,0.004,0.013,0.000,1434118690
357,20150612,0.003,0.020,0.000,1434118691
358,20150612,0.002,0.041,0.000,1434118692
359,20150612,0.008,0.026,0.000,1434118693
360,20150612,0.004,0.020,0.000,1434118694
361,20150612,0.002,0.051,0.000,1434118695
362,20150612,0.002,0.033,0.000,1434118696
363,20150612,0.001,0.043,0.000,1434118697
364,20150612,0.001,0.031,0.000,1434118698
365,20150612,0.000,0.029,0.000,1434118699
366,20150612,0.000,0.034,0.000,1434118700
367,20150612,0.000,0.032,0.000,1434118701
368,20150612,0.000,0.023,0.000,1434118702
369,20150612,0.000,0.014,0.000,1434118703
370,20150612,0.001,0.057,0.000,1434118704
371,20150612,0.001,0.035,0.000,1434118705
372,20150612,0.000,0.027,0.000,1434118706
373,20150612,0.000,0.034,0.000,1434118707
374,20150612,0.000,0.028,0.000,1434118708
375,20150612,0.000,0.013,0.000,1434118709
376,20150612,0.000,0.014,0.000,1434118710
377,20150612,0.000,0.017,0.000,1434118711
378,20150612,0.000,0.012,0.000,1434118712
379,20150612,0.000,0.007,0.000,1434118713
380,20150612,0.001,0.062,0.000,1434118714
381,20150612,0.001,0.042,0.000,1434118715
382,20150612,0.000,0.027,0.000,1434118716
383,20150612,0.001,0.026,0.000,1434118717
384,20150612,0.000,0.017,0.000,1434118718
385,20150612,0.001,0.010,0.000,1434118719
386,20150612,0.000,0.014,0.000,1434118720
387,20150612,0.001,0.030,0.000,1434118721
388,20150612,0.001,0.023,0.000,1434118722
389,20150612,0.001,0.027,0.000,1434118723
390,20150612,0.000,0.030,0.000,1434118724
391,20150612,0.001,0.044,0.000,1434118725
392,20150612,0.000,0.023,0.000,1434118726
393,20150612,0.000,0.017,0.000,1434118727
394,20150612,0.001,0.022,0.000,1434118728
395,20150612,0.001,0.013,0.000,1434118729
396,20150612,0.001,0.008,0.000,1434118730
397,20150612,0.001,0.006,0.000,1434118731
398,20150612,0.002,0.041,0.000,1434118732
399,20150612,0.007,0.010,0.000,1434118733
400,20150612,0.005,0.047,0.000,1434118734
401,20150612,0.006,0.028,0.000,1434118735
402,20150612,0.004,0.037,0.000,1434118736
403,20150612,0.002,0.032,0.000,1434118737
404,20150612,0.001,0.023,0.000,1434118738
405,20150612,0.001,0.017,0.000,1434118739
406,20150612,0.002,0.018,0.000,1434118740
407,20150612,0.001,0.043,0.000,1434118741
408,20150612,0.001,0.017,0.000,1434118742
409,20150612,0.001,0.015,0.000,1434118743
410,20150612,0.000,0.009,0.000,1434118744
411,20150612,0.000,0.011,0.000,1434118745
412,20150612,0.000,0.014,0.000,1434118746
413,20150612,0.001,0.044,0.000,1434118747
414,20150612,0.001,0.035,0.000,1434118748
415,20150612,0.002,0.025,0.000,1434118749
416,20150612,0.001,0.029,0.000,1434118750
417,20150612,0.001,0.019,0.000,1434118751
418,20150612,0.001,0.022,0.000,1434118752
419,20150612,0.000,0.022,0.000,1434118753
420,20150612,0.001,0.042,0.000,1434118754
421,20150612,0.001,0.026,0.000,1434118755
422,20150612,0.002,0.028,0.000,1434118756
423,20150612,0.001,0.029,0.000,1434118757
424,20150612,0.001,0.018,0.000,1434118758
425,20150612,0.000,0.013,0.000,1434118759
426,20150612,0.000,0.010,0.000,1434118760
427,20150612,0.001,0.009,0.000,1434118761
428,20150612,0.001,0.047,0.000,1434118762
429,20150612,0.001,0.031,0.000,1434118763
430,20150612,0.002,0.018,0.000,1434118764
431,20150612,0.002,0.029,0.000,1434118765
432,20150612,0.002,0.028,0.000,1434118766
433,20150612,0.000,0.016,0.000,1434118767
434,20150612,0.001,0.015,0.000,1434118768
435,20150612,0.001,0.015,0.000,1434118769
436,20150612,0.001,0.035,0.000,1434118770
437,20150612,0.001,0.033,0.000,1434118771
438,20150612,0.001,0.067,0.000,1434118772
439,20150612,0.001,0.038,0.000,1434118773
440,20150612,0.028,0.018,0.000,1434118774
441,20150612,0.024,0.023,0.000,1434118775
442,20150612,0.014,0.022,0.000,1434118776
443,20150612,0.010,0.017,0.000,1434118777
444,20150612,0.021,0.012,0.000,1434118778
445,20150612,0.062,0.015,0.000,1434118779
446,20150612,0.021,0.013,0.001,1434118780
447,20150612,0.012,0.012,0.000,1434118781
448,20150612,0.028,0.006,0.000,1434118782
449,20150612,0.020,0.002,0.000,1434118783
450,20150612,0.011,0.002,0.000,1434118784
451,20150612,0.006,0.002,0.000,1434118785
452,20150612,0.004,0.003,0.000,1434118786
453,20150612,0.002,0.002,0.000,1434118787
