index,session,leftEnergy,rightEnergy,phoneEnergy,time
1,20150601,-1.000,-1.000,0.093,1433156347
2,20150601,0.081,0.081,0.043,1433156348
3,20150601,0.015,0.023,0.007,1433156349
4,20150601,0.002,0.003,0.001,1433156350
5,20150601,0.000,0.001,0.000,1433156351
6,20150601,0.000,0.000,0.000,1433156352
7,20150601,0.000,0.000,0.000,1433156353
8,20150601,0.000,0.000,0.000,1433156354
9,20150601,0.000,0.000,0.000,1433156355
10,20150601,0.000,0.000,0.000,1433156356
11,20150601,0.000,0.000,0.000,1433156357
12,20150601,0.000,0.000,0.000,1433156358
13,20150601,0.000,0.000,0.000,1433156359
14,20150601,0.000,0.000,0.000,1433156360
15,20150601,0.000,0.000,0.000,1433156361
16,20150601,0.001,0.000,0.000,1433156362
17,20150601,0.000,0.000,0.000,1433156363
18,20150601,0.000,0.000,0.000,1433156364
19,20150601,0.000,0.000,0.000,1433156365
20,20150601,0.000,0.000,0.000,1433156366
21,20150601,0.000,0.000,0.000,1433156367
22,20150601,0.000,0.000,0.000,1433156368
23,20150601,0.000,0.000,0.000,1433156369
24,20150601,0.000,0.000,0.000,1433156370
25,20150601,0.000,0.000,0.000,1433156371
26,20150601,0.000,0.000,0.000,1433156372
27,20150601,0.000,0.000,0.000,1433156373
28,20150601,0.000,0.000,0.000,1433156374
29,20150601,0.000,0.000,0.000,1433156375
30,20150601,0.000,0.000,0.000,1433156376
31,20150601,0.000,0.000,0.000,1433156377
32,20150601,0.000,0.000,0.000,1433156378
33,20150601,0.000,0.000,0.000,1433156379
34,20150601,0.000,0.000,0.000,1433156380
35,20150601,0.000,0.000,0.001,1433156381
36,20150601,0.000,0.000,0.001,1433156382
37,20150601,0.000,0.000,0.000,1433156383
38,20150601,0.000,0.000,0.000,1433156384
39,20150601,0.000,0.000,0.000,1433156385
40,20150601,0.000,0.000,0.000,1433156386
41,20150601,0.000,0.000,0.000,1433156387
42,20150601,0.000,0.000,0.000,1433156388
43,20150601,0.000,0.027,0.000,1433156389
44,20150601,0.068,0.003,0.000,1433156390
45,20150601,0.008,0.001,0.034,1433156391
46,20150601,0.001,0.001,0.032,1433156392
47,20150601,0.001,0.001,0.002,1433156393
48,20150601,0.001,0.000,0.000,1433156394
49,20150601,0.000,0.000,0.000,1433156395
50,20150601,0.000,0.000,0.000,1433156396
51,20150601,0.000,0.000,0.000,1433156397
52,20150601,0.001,0.000,0.000,1433156398
53,20150601,0.001,0.001,0.000,1433156399
54,20150601,0.000,0.000,0.000,1433156400
55,20150601,0.000,0.000,0.000,1433156401
56,20150601,0.000,0.000,0.000,1433156402
57,20150601,0.000,0.000,0.000,1433156403
58,20150601,0.000,0.000,0.000,1433156404
59,20150601,0.000,0.000,0.000,1433156405
60,20150601,0.000,0.000,0.000,1433156406
61,20150601,0.000,0.000,0.000,1433156407
62,20150601,0.000,0.000,0.000,1433156408
63,20150601,0.000,0.000,0.000,1433156409
64,20150601,0.000,0.000,0.000,1433156410
65,20150601,0.000,0.000,0.000,1433156411
66,20150601,0.000,0.000,0.000,1433156412
67,20150601,0.001,0.011,0.000,1433156413
68,20150601,0.000,0.003,0.000,1433156414
69,20150601,0.000,0.001,0.000,1433156415
70,20150601,0.000,0.001,0.000,1433156416
71,20150601,0.000,0.001,0.000,1433156417
72,20150601,0.000,0.001,0.000,1433156418
73,20150601,0.000,0.000,0.000,1433156419
74,20150601,0.000,0.000,0.000,1433156420
75,20150601,0.000,0.000,0.000,1433156421
76,20150601,0.000,0.000,0.000,1433156422
77,20150601,0.000,0.000,0.000,1433156423
78,20150601,0.000,0.000,0.000,1433156424
79,20150601,0.000,0.000,0.000,1433156425
80,20150601,0.000,0.000,0.000,1433156426
81,20150601,0.000,0.000,0.000,1433156427
82,20150601,0.000,0.000,0.000,1433156428
83,20150601,0.000,0.000,0.000,1433156429
84,20150601,0.000,0.000,0.000,1433156430
85,20150601,0.000,0.000,0.000,1433156431
86,20150601,0.000,0.000,0.000,1433156432
87,20150601,0.000,0.000,0.000,1433156433
88,20150601,0.000,0.000,0.000,1433156434
89,20150601,0.000,0.000,0.000,1433156435
90,20150601,0.000,0.000,0.000,1433156436
91,20150601,0.000,0.000,0.000,1433156437
92,20150601,0.000,0.000,0.000,1433156438
93,20150601,0.000,0.000,0.000,1433156439
94,20150601,0.000,0.000,0.000,1433156440
95,20150601,0.000,0.000,0.000,1433156441
96,20150601,0.000,0.000,0.000,1433156442
97,20150601,0.000,0.000,0.000,1433156443
98,20150601,0.000,0.007,0.028,1433156444
99,20150601,0.000,0.003,0.084,1433156445
100,20150601,0.008,0.092,0.020,1433156446
101,20150601,0.001,0.132,0.003,1433156447
102,20150601,0.000,0.079,0.001,1433156448
103,20150601,0.000,0.072,0.000,1433156449
104,20150601,0.000,0.103,0.000,1433156450
105,20150601,0.000,0.041,0.000,1433156451
106,20150601,0.000,0.054,0.000,1433156452
107,20150601,0.000,0.073,0.004,1433156453
108,20150601,0.000,0.048,0.004,1433156454
109,20150601,0.000,0.049,0.001,1433156455
110,20150601,0.088,0.032,0.001,1433156456
111,20150601,0.075,0.053,0.000,1433156457
112,20150601,0.046,0.038,0.000,1433156458
113,20150601,0.075,0.028,0.000,1433156459
114,20150601,0.053,0.031,0.000,1433156460
115,20150601,0.114,0.142,0.000,1433156461
116,20150601,0.028,0.053,0.000,1433156462
117,20150601,0.007,0.007,0.000,1433156463
118,20150601,0.016,0.007,0.000,1433156464
119,20150601,0.163,0.059,0.000,1433156465
120,20150601,0.137,0.077,0.001,1433156466
121,20150601,0.043,0.028,0.001,1433156467
122,20150601,0.013,0.018,0.001,1433156468
123,20150601,0.010,0.008,0.000,1433156469
124,20150601,0.006,0.002,0.000,1433156470
125,20150601,0.006,0.009,0.000,1433156471
126,20150601,0.015,0.016,0.000,1433156472
127,20150601,0.038,0.019,0.000,1433156473
128,20150601,0.009,0.006,0.000,1433156474
129,20150601,0.007,0.002,0.000,1433156475
130,20150601,0.002,0.001,0.000,1433156476
131,20150601,0.001,0.001,0.000,1433156477
132,20150601,0.001,0.001,0.000,1433156478
133,20150601,0.002,0.002,0.000,1433156479
134,20150601,0.005,0.003,0.000,1433156480
135,20150601,0.001,0.002,0.000,1433156481
136,20150601,0.001,0.002,0.000,1433156482
137,20150601,0.001,0.004,0.000,1433156483
138,20150601,0.001,0.002,0.000,1433156484
139,20150601,0.001,0.002,0.000,1433156485
140,20150601,0.001,0.002,0.000,1433156486
141,20150601,0.004,0.003,0.000,1433156487
142,20150601,0.003,0.006,0.000,1433156488
143,20150601,0.002,0.007,0.000,1433156489
144,20150601,0.006,0.005,0.000,1433156490
145,20150601,0.007,0.007,0.000,1433156491
146,20150601,0.025,0.039,0.000,1433156492
147,20150601,0.021,0.040,0.000,1433156493
148,20150601,0.008,0.017,0.000,1433156494
149,20150601,0.006,0.002,0.000,1433156495
150,20150601,0.003,0.001,0.000,1433156496
151,20150601,0.003,0.004,0.000,1433156497
152,20150601,0.013,0.073,0.000,1433156498
153,20150601,0.017,0.021,0.000,1433156499
154,20150601,0.005,0.008,0.000,1433156500
155,20150601,0.001,0.007,0.001,1433156501
156,20150601,0.002,0.008,0.000,1433156502
157,20150601,0.001,0.004,0.000,1433156503
158,20150601,0.001,0.014,0.000,1433156504
159,20150601,0.049,0.022,0.001,1433156505
160,20150601,0.050,0.009,0.001,1433156506
161,20150601,0.019,0.013,0.000,1433156507
162,20150601,0.002,0.006,0.000,1433156508
163,20150601,0.001,0.008,0.000,1433156509
164,20150601,0.044,0.010,0.000,1433156510
165,20150601,0.018,0.002,0.000,1433156511
166,20150601,0.004,0.003,0.000,1433156512
167,20150601,0.001,0.002,0.000,1433156513
168,20150601,0.000,0.001,0.000,1433156514
169,20150601,0.000,0.001,0.000,1433156515
170,20150601,0.000,0.001,0.000,1433156516
171,20150601,0.001,0.003,0.000,1433156517
172,20150601,0.030,0.015,0.000,1433156518
173,20150601,0.034,0.051,0.000,1433156519
174,20150601,0.067,0.087,0.000,1433156520
175,20150601,0.089,0.098,0.000,1433156521
176,20150601,0.040,0.047,0.000,1433156522
177,20150601,0.037,0.045,0.003,1433156523
178,20150601,0.049,0.023,0.013,1433156524
179,20150601,0.031,0.086,0.075,1433156525
180,20150601,0.024,0.028,0.026,1433156526
181,20150601,0.009,0.016,0.051,1433156527
182,20150601,0.007,0.035,0.043,1433156528
183,20150601,0.037,0.065,0.048,1433156529
184,20150601,0.089,0.075,0.101,1433156530
185,20150601,0.093,0.044,0.048,1433156531
186,20150601,0.057,0.063,0.075,1433156532
187,20150601,0.091,0.048,0.034,1433156533
188,20150601,0.039,0.055,0.010,1433156534
189,20150601,0.113,0.043,0.024,1433156535
190,20150601,0.053,0.025,0.011,1433156536
191,20150601,0.079,0.064,0.007,1433156537
192,20150601,0.045,0.043,0.009,1433156538
193,20150601,0.006,0.005,0.002,1433156539
194,20150601,0.003,0.098,0.007,1433156540
195,20150601,0.036,0.089,0.009,1433156541
196,20150601,0.019,0.041,0.017,1433156542
197,20150601,0.021,0.068,0.009,1433156543
198,20150601,0.007,0.031,0.003,1433156544
199,20150601,0.029,0.051,0.003,1433156545
200,20150601,0.015,0.028,0.002,1433156546
201,20150601,0.019,0.024,0.002,1433156547
202,20150601,0.020,0.009,0.001,1433156548
203,20150601,0.014,0.006,0.001,1433156549
204,20150601,0.009,0.002,0.001,1433156550
205,20150601,0.017,0.002,0.001,1433156551
206,20150601,0.013,0.001,0.001,1433156552
207,20150601,0.008,0.005,0.001,1433156553
208,20150601,0.014,0.013,0.001,1433156554
209,20150601,0.017,0.005,0.001,1433156555
210,20150601,0.013,0.018,0.001,1433156556
211,20150601,0.011,0.014,0.001,1433156557
212,20150601,0.005,0.009,0.001,1433156558
213,20150601,0.003,0.025,0.003,1433156559
214,20150601,0.001,0.005,0.001,1433156560
215,20150601,0.091,0.002,0.003,1433156561
216,20150601,0.083,0.001,0.004,1433156562
217,20150601,0.011,0.001,0.001,1433156563
218,20150601,0.004,0.004,0.000,1433156564
219,20150601,0.039,0.002,0.002,1433156565
220,20150601,0.050,0.001,0.002,1433156566
221,20150601,0.018,0.001,0.001,1433156567
222,20150601,0.006,0.000,0.001,1433156568
223,20150601,0.039,0.000,0.001,1433156569
224,20150601,0.013,0.000,0.001,1433156570
225,20150601,0.009,0.000,0.001,1433156571
226,20150601,0.002,0.000,0.001,1433156572
227,20150601,0.001,0.000,0.001,1433156573
228,20150601,0.004,0.001,0.002,1433156574
229,20150601,0.137,0.015,0.010,1433156575
230,20150601,0.028,0.006,0.004,1433156576
231,20150601,0.007,0.002,0.001,1433156577
232,20150601,0.004,0.002,0.000,1433156578
233,20150601,0.002,0.001,0.001,1433156579
234,20150601,0.002,0.097,0.003,1433156580
235,20150601,0.001,0.034,0.001,1433156581
236,20150601,0.001,0.007,0.000,1433156582
237,20150601,0.000,0.002,0.000,1433156583
238,20150601,0.000,0.000,0.000,1433156584
239,20150601,0.000,0.000,0.000,1433156585
240,20150601,0.000,0.001,0.000,1433156586
241,20150601,0.000,0.001,0.001,1433156587
242,20150601,0.000,0.001,0.000,1433156588
243,20150601,0.000,0.000,0.000,1433156589
244,20150601,0.000,0.000,0.000,1433156590
245,20150601,0.001,0.023,0.002,1433156591
246,20150601,0.003,0.093,0.002,1433156592
247,20150601,0.003,0.014,0.001,1433156593
248,20150601,0.038,0.010,0.012,1433156594
249,20150601,0.017,0.023,0.007,1433156595
250,20150601,0.019,0.027,0.004,1433156596
251,20150601,0.012,0.016,0.001,1433156597
252,20150601,0.006,0.020,0.001,1433156598
253,20150601,0.006,0.020,0.002,1433156599
254,20150601,0.012,0.024,0.001,1433156600
255,20150601,0.022,0.031,0.002,1433156601
256,20150601,0.008,0.014,0.002,1433156602
257,20150601,0.010,0.022,0.002,1433156603
258,20150601,0.009,0.019,0.002,1433156604
259,20150601,0.008,0.004,0.001,1433156605
260,20150601,0.016,0.001,0.000,1433156606
261,20150601,0.009,0.008,0.001,1433156607
262,20150601,0.011,0.020,0.001,1433156608
263,20150601,0.019,0.006,0.001,1433156609
264,20150601,0.006,0.001,0.001,1433156610
265,20150601,0.001,0.000,0.001,1433156611
266,20150601,0.007,0.003,0.001,1433156612
267,20150601,0.010,0.010,0.001,1433156613
268,20150601,0.006,0.005,0.001,1433156614
269,20150601,0.001,0.002,0.001,1433156615
270,20150601,0.001,0.000,0.001,1433156616
271,20150601,0.000,0.000,0.001,1433156617
272,20150601,0.000,0.000,0.000,1433156618
273,20150601,0.000,0.000,0.001,1433156619
274,20150601,0.000,0.000,0.001,1433156620
275,20150601,0.000,0.000,0.001,1433156621
276,20150601,0.000,0.000,0.000,1433156622
277,20150601,0.000,0.000,0.001,1433156623
278,20150601,0.000,0.000,0.001,1433156624
279,20150601,0.001,0.000,0.001,1433156625
280,20150601,0.001,0.006,0.001,1433156626
281,20150601,0.024,0.029,0.002,1433156627
282,20150601,0.020,0.008,0.001,1433156628
283,20150601,0.031,0.004,0.000,1433156629
284,20150601,0.005,0.001,0.001,1433156630
285,20150601,0.001,0.000,0.001,1433156631
286,20150601,0.000,0.002,0.001,1433156632
287,20150601,0.000,0.002,0.000,1433156633
288,20150601,0.000,0.001,0.001,1433156634
289,20150601,0.000,0.000,0.001,1433156635
290,20150601,0.000,0.000,0.000,1433156636
291,20150601,0.000,0.000,0.000,1433156637
292,20150601,0.000,0.000,0.001,1433156638
293,20150601,0.000,0.000,0.000,1433156639
294,20150601,0.000,0.000,0.000,1433156640
295,20150601,0.000,0.000,0.000,1433156641
296,20150601,0.000,0.000,0.001,1433156642
297,20150601,0.000,0.000,0.001,1433156643
298,20150601,0.000,0.000,0.000,1433156644
299,20150601,0.000,0.000,0.001,1433156645
300,20150601,0.000,0.000,0.001,1433156646
301,20150601,0.000,0.001,0.001,1433156647
302,20150601,0.000,0.001,0.001,1433156648
303,20150601,0.000,0.001,0.001,1433156649
304,20150601,0.000,0.001,0.000,1433156650
305,20150601,0.000,0.000,0.000,1433156651
306,20150601,0.000,0.000,0.001,1433156652
307,20150601,0.000,0.001,0.000,1433156653
308,20150601,0.000,0.005,0.000,1433156654
309,20150601,0.000,0.002,0.001,1433156655
310,20150601,0.000,0.002,0.000,1433156656
311,20150601,0.000,0.002,0.001,1433156657
312,20150601,0.000,0.002,0.000,1433156658
313,20150601,0.001,0.005,0.001,1433156659
314,20150601,0.006,0.016,0.016,1433156660
315,20150601,0.002,0.038,0.008,1433156661
316,20150601,0.001,0.113,0.005,1433156662
317,20150601,0.001,0.028,0.002,1433156663
318,20150601,0.000,0.008,0.001,1433156664
319,20150601,0.000,0.003,0.003,1433156665
320,20150601,0.000,0.003,0.002,1433156666
321,20150601,0.000,0.001,0.001,1433156667
322,20150601,0.000,0.002,0.001,1433156668
323,20150601,0.000,0.001,0.000,1433156669
324,20150601,0.000,0.000,0.000,1433156670
325,20150601,0.000,0.000,0.000,1433156671
326,20150601,0.000,0.001,0.001,1433156672
327,20150601,0.000,0.002,0.000,1433156673
328,20150601,0.000,0.000,0.000,1433156674
329,20150601,0.000,0.001,0.000,1433156675
330,20150601,0.002,0.062,0.005,1433156676
331,20150601,0.002,0.074,0.003,1433156677
332,20150601,0.001,0.011,0.001,1433156678
333,20150601,0.000,0.003,0.001,1433156679
334,20150601,0.000,0.002,0.000,1433156680
335,20150601,0.011,0.002,0.003,1433156681
336,20150601,0.015,0.009,0.002,1433156682
337,20150601,0.009,0.008,0.002,1433156683
338,20150601,0.006,0.003,0.001,1433156684
339,20150601,0.005,0.003,0.000,1433156685
340,20150601,0.003,0.002,0.001,1433156686
341,20150601,0.002,0.001,0.001,1433156687
342,20150601,0.001,0.000,0.000,1433156688
343,20150601,0.001,0.000,0.000,1433156689
344,20150601,0.000,0.000,0.000,1433156690
345,20150601,0.000,0.000,0.000,1433156691
346,20150601,0.000,0.001,0.000,1433156692
347,20150601,0.000,0.001,0.000,1433156693
348,20150601,0.000,0.001,0.000,1433156694
349,20150601,0.000,0.000,0.000,1433156695
350,20150601,0.000,0.001,0.000,1433156696
351,20150601,0.000,0.000,0.001,1433156697
352,20150601,0.004,0.003,0.001,1433156698
353,20150601,0.013,0.003,0.001,1433156699
354,20150601,0.005,0.001,0.000,1433156700
355,20150601,0.001,0.001,0.000,1433156701
356,20150601,0.001,0.000,0.000,1433156702
357,20150601,0.004,0.002,0.001,1433156703
358,20150601,0.010,0.003,0.001,1433156704
359,20150601,0.005,0.040,0.002,1433156705
360,20150601,0.004,0.012,0.002,1433156706
361,20150601,0.000,0.002,0.001,1433156707
362,20150601,0.000,0.000,0.000,1433156708
363,20150601,0.000,0.001,0.001,1433156709
364,20150601,0.000,0.000,0.001,1433156710
365,20150601,0.000,0.002,0.000,1433156711
366,20150601,0.000,0.004,0.000,1433156712
367,20150601,0.000,0.002,0.000,1433156713
368,20150601,0.018,0.003,0.001,1433156714
369,20150601,0.141,0.003,0.003,1433156715
370,20150601,0.080,0.003,0.002,1433156716
371,20150601,0.073,0.018,0.002,1433156717
372,20150601,0.013,0.032,0.002,1433156718
373,20150601,0.004,0.019,0.002,1433156719
374,20150601,0.002,0.005,0.001,1433156720
375,20150601,0.028,0.003,0.003,1433156721
376,20150601,0.130,0.002,0.003,1433156722
377,20150601,0.025,0.002,0.001,1433156723
378,20150601,0.007,0.001,0.001,1433156724
379,20150601,0.001,0.000,0.001,1433156725
380,20150601,0.001,0.000,0.001,1433156726
381,20150601,0.001,0.000,0.001,1433156727
382,20150601,0.001,0.000,0.001,1433156728
383,20150601,0.000,0.000,0.001,1433156729
384,20150601,0.001,0.000,0.001,1433156730
385,20150601,0.001,0.000,0.001,1433156731
386,20150601,0.000,0.000,0.001,1433156732
387,20150601,0.000,0.000,0.001,1433156733
388,20150601,0.000,0.000,0.001,1433156734
389,20150601,0.000,0.000,0.001,1433156735
390,20150601,0.000,0.000,0.000,1433156736
391,20150601,0.000,0.000,0.001,1433156737
392,20150601,0.014,0.003,0.002,1433156738
393,20150601,0.087,0.014,0.016,1433156739
394,20150601,0.020,0.004,0.004,1433156740
395,20150601,0.003,0.000,0.001,1433156741
396,20150601,0.000,0.000,0.001,1433156742
397,20150601,0.000,0.000,0.001,1433156743
398,20150601,0.000,0.000,0.000,1433156744
399,20150601,0.000,0.000,0.000,1433156745
400,20150601,0.001,0.000,0.000,1433156746
401,20150601,0.001,0.000,0.000,1433156747
402,20150601,0.000,0.000,0.000,1433156748
403,20150601,0.000,0.000,0.001,1433156749
404,20150601,0.000,0.000,0.000,1433156750
405,20150601,0.000,0.001,0.000,1433156751
406,20150601,0.001,0.005,0.001,1433156752
407,20150601,0.007,0.005,0.005,1433156753
408,20150601,0.031,0.024,0.015,1433156754
409,20150601,0.009,0.028,0.003,1433156755
410,20150601,0.005,0.012,0.001,1433156756
411,20150601,0.003,0.005,0.001,1433156757
412,20150601,0.002,0.002,0.001,1433156758
413,20150601,0.011,0.020,0.001,1433156759
414,20150601,0.005,0.013,0.001,1433156760
415,20150601,0.004,0.017,0.001,1433156761
416,20150601,0.014,0.021,0.002,1433156762
417,20150601,0.017,0.012,0.002,1433156763
418,20150601,0.010,0.008,0.001,1433156764
419,20150601,0.020,0.009,0.002,1433156765
420,20150601,0.016,0.015,0.002,1433156766
421,20150601,0.016,0.016,0.008,1433156767
422,20150601,0.008,0.004,0.012,1433156768
423,20150601,0.001,0.019,0.003,1433156769
424,20150601,0.000,0.003,0.001,1433156770
425,20150601,0.000,0.000,0.000,1433156771
426,20150601,0.000,0.000,0.001,1433156772
427,20150601,0.000,0.003,0.001,1433156773
428,20150601,0.000,0.001,0.000,1433156774
429,20150601,0.000,0.001,0.000,1433156775
430,20150601,0.000,0.001,0.001,1433156776
431,20150601,0.000,0.000,0.000,1433156777
432,20150601,0.002,0.043,0.004,1433156778
433,20150601,0.001,0.108,0.002,1433156779
434,20150601,0.001,0.055,0.001,1433156780
435,20150601,0.000,0.012,0.001,1433156781
436,20150601,0.000,0.002,0.000,1433156782
437,20150601,0.000,0.001,0.000,1433156783
438,20150601,0.000,0.001,0.000,1433156784
439,20150601,0.000,0.001,0.000,1433156785
440,20150601,0.000,0.001,0.000,1433156786
441,20150601,0.000,0.002,0.000,1433156787
442,20150601,0.000,0.015,0.001,1433156788
443,20150601,0.000,0.006,0.000,1433156789
444,20150601,0.027,0.041,0.005,1433156790
445,20150601,0.028,0.092,0.014,1433156791
446,20150601,0.037,0.020,0.003,1433156792
447,20150601,0.027,0.010,0.001,1433156793
448,20150601,0.010,0.001,0.000,1433156794
449,20150601,0.013,0.005,0.000,1433156795
450,20150601,0.018,0.008,0.000,1433156796
451,20150601,0.008,0.005,0.000,1433156797
452,20150601,0.006,0.004,0.000,1433156798
453,20150601,0.004,0.003,0.001,1433156799
454,20150601,0.003,0.003,0.001,1433156800
455,20150601,0.005,0.007,0.000,1433156801
456,20150601,0.002,0.003,0.000,1433156802
457,20150601,0.001,0.001,0.001,1433156803
458,20150601,0.001,0.001,0.001,1433156804
459,20150601,0.003,0.001,0.000,1433156805
460,20150601,0.001,0.001,0.000,1433156806
461,20150601,0.001,0.001,0.000,1433156807
462,20150601,0.001,0.000,0.001,1433156808
463,20150601,0.001,0.000,0.001,1433156809
464,20150601,0.001,0.001,0.001,1433156810
465,20150601,0.002,0.001,0.000,1433156811
466,20150601,0.004,0.001,0.000,1433156812
467,20150601,0.021,0.023,0.004,1433156813
468,20150601,0.008,0.018,0.006,1433156814
469,20150601,0.000,0.009,0.001,1433156815
470,20150601,0.006,0.029,0.002,1433156816
471,20150601,0.008,0.021,0.002,1433156817
472,20150601,0.001,0.017,0.001,1433156818
473,20150601,0.012,0.015,0.001,1433156819
474,20150601,0.007,0.011,0.001,1433156820
475,20150601,0.002,0.007,0.001,1433156821
476,20150601,0.001,0.003,0.000,1433156822
477,20150601,0.002,0.011,0.001,1433156823
478,20150601,0.010,0.019,0.002,1433156824
479,20150601,0.003,0.014,0.001,1433156825
480,20150601,0.016,0.020,0.002,1433156826
481,20150601,0.014,0.007,0.001,1433156827
482,20150601,0.008,0.010,0.001,1433156828
483,20150601,0.003,0.003,0.001,1433156829
484,20150601,0.001,0.002,0.001,1433156830
485,20150601,0.001,0.001,0.000,1433156831
486,20150601,0.001,0.002,0.001,1433156832
487,20150601,0.001,0.017,0.002,1433156833
488,20150601,0.001,0.005,0.001,1433156834
489,20150601,0.000,0.001,0.000,1433156835
490,20150601,0.000,0.002,0.001,1433156836
491,20150601,0.000,0.003,0.001,1433156837
492,20150601,0.015,0.025,0.001,1433156838
493,20150601,0.022,0.041,0.003,1433156839
494,20150601,0.019,0.052,0.041,1433156840
495,20150601,0.092,0.086,0.077,1433156841
496,20150601,0.066,0.062,0.046,1433156842
497,20150601,0.090,0.052,0.039,1433156843
498,20150601,0.174,0.061,0.018,1433156844
499,20150601,0.140,0.124,0.018,1433156845
500,20150601,0.129,0.067,0.004,1433156846
501,20150601,0.150,0.144,0.007,1433156847
502,20150601,0.103,0.111,0.024,1433156848
503,20150601,0.142,0.087,0.006,1433156849
504,20150601,0.150,0.161,0.009,1433156850
505,20150601,0.094,0.138,0.010,1433156851
506,20150601,0.100,0.111,0.012,1433156852
507,20150601,0.067,0.097,0.025,1433156853
508,20150601,0.068,0.069,0.024,1433156854
509,20150601,0.080,0.132,0.012,1433156855
510,20150601,0.124,0.064,0.006,1433156856
511,20150601,0.115,0.115,0.005,1433156857
512,20150601,0.066,0.060,0.003,1433156858
513,20150601,0.113,0.137,0.004,1433156859
514,20150601,0.109,0.180,0.005,1433156860
515,20150601,0.187,0.137,0.015,1433156861
516,20150601,0.109,0.142,0.017,1433156862
517,20150601,0.123,0.157,0.012,1433156863
518,20150601,0.085,0.124,0.007,1433156864
519,20150601,0.176,0.128,0.008,1433156865
520,20150601,0.175,0.144,0.014,1433156866
521,20150601,0.128,0.149,0.014,1433156867
522,20150601,0.098,0.096,0.009,1433156868
523,20150601,0.067,0.040,0.012,1433156869
524,20150601,0.121,0.078,0.028,1433156870
525,20150601,0.083,0.083,0.032,1433156871
526,20150601,0.088,0.072,0.022,1433156872
527,20150601,0.046,0.041,0.011,1433156873
528,20150601,0.088,0.109,0.025,1433156874
529,20150601,0.094,0.120,0.022,1433156875
530,20150601,0.137,0.089,0.020,1433156876
531,20150601,0.062,0.063,0.035,1433156877
532,20150601,0.126,0.087,0.039,1433156878
533,20150601,0.055,0.091,0.062,1433156879
534,20150601,0.059,0.050,0.050,1433156880
535,20150601,0.134,0.148,0.022,1433156881
536,20150601,0.044,0.032,0.007,1433156882
537,20150601,0.074,0.085,0.004,1433156883
538,20150601,0.121,0.044,0.004,1433156884
539,20150601,0.044,0.009,0.001,1433156885
540,20150601,0.006,0.002,0.001,1433156886
541,20150601,0.006,0.003,0.000,1433156887
542,20150601,0.017,0.004,0.001,1433156888
543,20150601,0.012,0.003,0.001,1433156889
544,20150601,0.025,0.002,0.002,1433156890
545,20150601,0.015,0.001,0.001,1433156891
546,20150601,0.010,0.002,0.001,1433156892
547,20150601,0.003,0.002,0.001,1433156893
548,20150601,0.004,0.001,0.001,1433156894
549,20150601,0.003,0.000,0.001,1433156895
550,20150601,0.002,0.003,0.000,1433156896
551,20150601,0.002,0.002,0.000,1433156897
552,20150601,0.001,0.002,0.000,1433156898
553,20150601,0.003,0.034,0.001,1433156899
554,20150601,0.035,0.108,0.002,1433156900
555,20150601,0.044,0.053,0.002,1433156901
556,20150601,0.028,0.034,0.001,1433156902
557,20150601,0.016,0.013,0.001,1433156903
558,20150601,0.011,0.009,0.001,1433156904
559,20150601,0.001,0.001,0.000,1433156905
560,20150601,0.001,0.001,0.000,1433156906
561,20150601,0.001,0.001,0.000,1433156907
562,20150601,0.001,0.001,0.000,1433156908
563,20150601,0.000,0.000,0.000,1433156909
564,20150601,0.001,0.000,0.000,1433156910
565,20150601,0.000,0.000,0.000,1433156911
566,20150601,0.001,0.001,0.000,1433156912
567,20150601,0.000,0.001,0.000,1433156913
568,20150601,0.000,0.000,0.000,1433156914
569,20150601,0.001,0.001,0.000,1433156915
570,20150601,0.001,0.001,0.000,1433156916
571,20150601,0.001,0.001,0.000,1433156917
572,20150601,0.006,0.003,0.000,1433156918
573,20150601,0.005,0.002,0.000,1433156919
574,20150601,0.004,0.001,0.000,1433156920
575,20150601,0.002,0.001,0.000,1433156921
576,20150601,0.000,0.001,0.000,1433156922
577,20150601,0.000,0.001,0.000,1433156923
578,20150601,0.001,0.000,0.000,1433156924
579,20150601,0.001,0.001,0.000,1433156925
580,20150601,0.008,0.005,0.000,1433156926
581,20150601,0.016,0.029,0.001,1433156927
582,20150601,0.004,0.004,0.000,1433156928
583,20150601,0.002,0.016,0.000,1433156929
584,20150601,0.005,0.013,0.000,1433156930
585,20150601,0.003,0.004,0.000,1433156931
586,20150601,0.002,0.008,0.001,1433156932
587,20150601,0.013,0.102,0.002,1433156933
588,20150601,0.007,0.027,0.001,1433156934
589,20150601,0.003,0.006,0.000,1433156935
590,20150601,0.001,0.005,0.000,1433156936
591,20150601,0.000,0.002,0.000,1433156937
592,20150601,0.001,0.000,0.000,1433156938
593,20150601,0.000,0.000,0.000,1433156939
594,20150601,0.000,0.000,0.000,1433156940
595,20150601,0.000,0.000,0.000,1433156941
596,20150601,0.000,0.000,0.000,1433156942
597,20150601,0.000,0.000,0.000,1433156943
598,20150601,0.000,0.001,0.000,1433156944
599,20150601,0.001,0.000,0.000,1433156945
600,20150601,0.000,0.000,0.000,1433156946
601,20150601,0.000,0.000,0.000,1433156947
602,20150601,0.022,0.001,0.002,1433156948
603,20150601,0.014,0.000,0.001,1433156949
604,20150601,0.007,0.000,0.001,1433156950
605,20150601,0.008,0.000,0.000,1433156951
606,20150601,0.005,0.000,0.000,1433156952
607,20150601,0.002,0.010,0.000,1433156953
608,20150601,0.040,0.005,0.002,1433156954
609,20150601,0.010,0.001,0.001,1433156955
610,20150601,0.002,0.000,0.000,1433156956
611,20150601,0.001,0.000,0.000,1433156957
612,20150601,0.001,0.000,0.000,1433156958
613,20150601,0.000,0.000,0.000,1433156959
614,20150601,0.000,0.000,0.000,1433156960
615,20150601,0.005,0.001,0.001,1433156961
616,20150601,0.018,0.002,0.001,1433156962
617,20150601,0.006,0.002,0.000,1433156963
618,20150601,0.005,0.002,0.000,1433156964
619,20150601,0.007,0.004,0.000,1433156965
620,20150601,0.005,0.001,0.000,1433156966
621,20150601,0.005,0.000,0.000,1433156967
622,20150601,0.004,0.000,0.000,1433156968
623,20150601,0.001,0.000,0.000,1433156969
624,20150601,0.001,0.001,0.000,1433156970
625,20150601,0.001,0.000,0.000,1433156971
626,20150601,0.001,0.000,0.000,1433156972
627,20150601,0.000,0.000,0.000,1433156973
628,20150601,0.000,0.000,0.000,1433156974
629,20150601,0.000,0.000,0.000,1433156975
630,20150601,0.001,0.000,0.000,1433156976
631,20150601,0.001,0.003,0.000,1433156977
632,20150601,0.001,0.004,0.000,1433156978
633,20150601,0.000,0.001,0.000,1433156979
634,20150601,0.000,0.001,0.000,1433156980
635,20150601,0.000,0.001,0.000,1433156981
636,20150601,0.000,0.001,0.000,1433156982
637,20150601,0.000,0.000,0.000,1433156983
638,20150601,0.000,0.001,0.000,1433156984
639,20150601,0.000,0.000,0.000,1433156985
640,20150601,0.000,0.002,0.000,1433156986
641,20150601,0.001,0.002,0.000,1433156987
642,20150601,0.001,0.004,0.000,1433156988
643,20150601,0.001,0.001,0.000,1433156989
644,20150601,0.002,0.000,0.000,1433156990
645,20150601,0.001,0.000,0.000,1433156991
646,20150601,0.000,0.000,0.000,1433156992
647,20150601,0.001,0.000,0.000,1433156993
648,20150601,0.000,0.000,0.000,1433156994
649,20150601,0.001,0.000,0.000,1433156995
650,20150601,0.000,0.000,0.000,1433156996
651,20150601,0.000,0.000,0.000,1433156997
652,20150601,0.000,0.000,0.000,1433156998
653,20150601,0.000,0.000,0.000,1433156999
654,20150601,0.000,0.000,0.000,1433157000
655,20150601,0.000,0.000,0.000,1433157001
656,20150601,0.000,0.000,0.000,1433157002
657,20150601,0.000,0.000,0.000,1433157003
658,20150601,0.000,0.000,0.000,1433157004
659,20150601,0.000,0.000,0.000,1433157005
660,20150601,0.002,0.000,0.000,1433157006
661,20150601,0.002,0.000,0.000,1433157007
662,20150601,0.002,0.000,0.000,1433157008
663,20150601,0.002,0.000,0.000,1433157009
664,20150601,0.001,0.000,0.000,1433157010
665,20150601,0.000,0.000,0.000,1433157011
666,20150601,0.001,0.000,0.000,1433157012
667,20150601,0.002,0.000,0.000,1433157013
668,20150601,0.001,0.000,0.000,1433157014
669,20150601,0.001,0.000,0.000,1433157015
670,20150601,0.001,0.000,0.000,1433157016
671,20150601,0.000,0.000,0.000,1433157017
672,20150601,0.000,0.000,0.000,1433157018
673,20150601,0.000,0.000,0.000,1433157019
674,20150601,0.000,0.000,0.000,1433157020
675,20150601,0.028,0.002,0.000,1433157021
676,20150601,0.052,0.005,0.003,1433157022
677,20150601,0.097,0.023,0.005,1433157023
678,20150601,0.102,0.106,0.005,1433157024
679,20150601,0.038,0.036,0.002,1433157025
680,20150601,0.006,0.008,0.001,1433157026
681,20150601,0.001,0.002,0.000,1433157027
682,20150601,0.002,0.003,0.000,1433157028
683,20150601,0.000,0.001,0.000,1433157029
684,20150601,0.002,0.000,0.001,1433157030
685,20150601,0.001,0.000,0.000,1433157031
686,20150601,0.000,0.000,0.000,1433157032
687,20150601,0.006,0.002,0.000,1433157033
688,20150601,0.005,0.001,0.000,1433157034
689,20150601,0.022,0.003,0.003,1433157035
690,20150601,0.130,0.106,0.011,1433157036
691,20150601,0.078,0.039,0.003,1433157037
692,20150601,0.017,0.004,0.001,1433157038
693,20150601,0.003,0.004,0.000,1433157039
694,20150601,0.001,0.002,0.000,1433157040
695,20150601,0.001,0.003,0.000,1433157041
696,20150601,0.000,0.001,0.000,1433157042
697,20150601,0.000,0.001,0.000,1433157043
698,20150601,0.000,0.001,0.000,1433157044
699,20150601,0.002,0.006,0.000,1433157045
700,20150601,0.001,0.002,0.000,1433157046
701,20150601,0.001,0.001,0.000,1433157047
702,20150601,0.000,0.001,0.000,1433157048
703,20150601,0.000,0.000,0.000,1433157049
704,20150601,0.000,0.001,0.000,1433157050
705,20150601,0.000,0.001,0.000,1433157051
706,20150601,0.000,0.002,0.000,1433157052
707,20150601,0.000,0.001,0.000,1433157053
708,20150601,0.001,0.002,0.000,1433157054
709,20150601,0.004,0.003,0.000,1433157055
710,20150601,0.001,0.003,0.000,1433157056
711,20150601,0.001,0.001,0.000,1433157057
712,20150601,0.001,0.001,0.000,1433157058
713,20150601,0.001,0.000,0.000,1433157059
714,20150601,0.001,0.002,0.000,1433157060
715,20150601,0.001,0.000,0.000,1433157061
716,20150601,0.001,0.002,0.000,1433157062
717,20150601,0.000,0.001,0.000,1433157063
718,20150601,0.000,0.001,0.000,1433157064
719,20150601,0.000,0.000,0.000,1433157065
720,20150601,0.000,0.000,0.000,1433157066
721,20150601,0.000,0.000,0.000,1433157067
722,20150601,0.006,0.000,0.000,1433157068
723,20150601,0.038,0.004,0.006,1433157069
724,20150601,0.013,0.000,0.001,1433157070
725,20150601,0.005,0.001,0.001,1433157071
726,20150601,0.004,0.001,0.001,1433157072
727,20150601,0.002,0.000,0.000,1433157073
728,20150601,0.001,0.001,0.000,1433157074
729,20150601,0.007,0.001,0.006,1433157075
730,20150601,0.008,0.002,0.015,1433157076
731,20150601,0.005,0.001,0.007,1433157077
732,20150601,0.003,0.000,0.002,1433157078
733,20150601,0.002,0.000,0.001,1433157079
734,20150601,0.003,0.002,0.000,1433157080
735,20150601,0.009,0.000,0.000,1433157081
736,20150601,0.008,0.000,0.000,1433157082
737,20150601,0.006,0.000,0.000,1433157083
738,20150601,0.008,0.001,0.000,1433157084
739,20150601,0.015,0.001,0.000,1433157085
740,20150601,0.006,0.003,0.001,1433157086
741,20150601,0.001,0.000,0.001,1433157087
742,20150601,0.001,0.000,0.001,1433157088
743,20150601,0.001,0.000,0.000,1433157089
744,20150601,0.001,0.000,0.000,1433157090
745,20150601,0.000,0.000,0.000,1433157091
746,20150601,0.001,0.000,0.000,1433157092
747,20150601,0.001,0.001,0.000,1433157093
748,20150601,0.001,0.000,0.000,1433157094
749,20150601,0.001,0.000,0.000,1433157095
750,20150601,0.005,0.000,0.001,1433157096
751,20150601,0.008,0.001,0.000,1433157097
752,20150601,0.001,0.000,0.000,1433157098
753,20150601,0.001,0.000,0.000,1433157099
754,20150601,0.001,0.000,0.001,1433157100
755,20150601,0.000,0.000,0.000,1433157101
756,20150601,0.000,0.000,0.000,1433157102
757,20150601,0.001,0.000,0.001,1433157103
758,20150601,0.000,0.000,0.001,1433157104
759,20150601,0.000,0.000,0.000,1433157105
760,20150601,0.001,0.000,0.000,1433157106
761,20150601,0.002,0.001,0.000,1433157107
762,20150601,0.001,0.000,0.001,1433157108
763,20150601,0.037,0.000,0.001,1433157109
764,20150601,0.029,0.000,0.001,1433157110
765,20150601,0.027,0.000,0.001,1433157111
766,20150601,0.020,0.001,0.001,1433157112
767,20150601,0.002,0.000,0.000,1433157113
768,20150601,0.001,0.000,0.000,1433157114
769,20150601,0.001,0.000,0.000,1433157115
770,20150601,0.001,0.000,0.000,1433157116
771,20150601,0.000,0.000,0.000,1433157117
772,20150601,0.003,0.000,0.007,1433157118
773,20150601,0.002,0.000,0.005,1433157119
774,20150601,0.001,0.000,0.001,1433157120
775,20150601,0.000,0.000,0.001,1433157121
776,20150601,0.000,0.000,0.000,1433157122
777,20150601,0.000,0.000,0.000,1433157123
778,20150601,0.001,0.001,0.000,1433157124
779,20150601,0.000,0.000,0.000,1433157125
780,20150601,0.000,0.000,0.000,1433157126
781,20150601,0.001,0.000,0.000,1433157127
782,20150601,0.001,0.000,0.000,1433157128
783,20150601,0.000,0.000,0.000,1433157129
784,20150601,0.000,0.001,0.000,1433157130
785,20150601,0.001,0.002,0.000,1433157131
786,20150601,0.001,0.001,0.000,1433157132
787,20150601,0.000,0.001,0.000,1433157133
788,20150601,0.000,0.000,0.000,1433157134
789,20150601,0.000,0.000,0.000,1433157135
790,20150601,0.000,0.001,0.000,1433157136
791,20150601,0.000,0.001,0.000,1433157137
792,20150601,0.000,0.000,0.000,1433157138
793,20150601,0.012,0.001,0.001,1433157139
794,20150601,0.057,0.001,0.002,1433157140
795,20150601,0.029,0.002,0.001,1433157141
796,20150601,0.004,0.002,0.000,1433157142
797,20150601,0.008,0.001,0.000,1433157143
798,20150601,0.001,0.000,0.001,1433157144
799,20150601,0.000,0.000,0.000,1433157145
800,20150601,0.000,0.000,0.000,1433157146
801,20150601,0.000,0.000,0.000,1433157147
802,20150601,0.001,0.000,0.000,1433157148
803,20150601,0.000,0.000,0.000,1433157149
804,20150601,0.001,0.000,0.000,1433157150
805,20150601,0.001,0.000,0.000,1433157151
806,20150601,0.000,0.000,0.000,1433157152
807,20150601,0.013,0.001,0.000,1433157153
808,20150601,0.008,0.000,0.000,1433157154
809,20150601,0.007,0.000,0.000,1433157155
810,20150601,0.005,0.000,0.001,1433157156
811,20150601,0.002,0.000,0.000,1433157157
812,20150601,0.002,0.000,0.000,1433157158
813,20150601,0.002,0.000,0.000,1433157159
814,20150601,0.004,0.000,0.000,1433157160
815,20150601,0.003,0.000,0.000,1433157161
816,20150601,0.002,0.000,0.000,1433157162
817,20150601,0.003,0.000,0.000,1433157163
818,20150601,0.003,0.000,0.000,1433157164
819,20150601,0.002,0.000,0.000,1433157165
820,20150601,0.003,0.000,0.000,1433157166
821,20150601,0.001,0.000,0.001,1433157167
822,20150601,0.001,0.000,0.000,1433157168
823,20150601,0.001,0.002,0.000,1433157169
824,20150601,0.002,0.001,0.001,1433157170
825,20150601,0.004,0.002,0.000,1433157171
826,20150601,0.001,0.001,0.000,1433157172
827,20150601,0.002,0.002,0.000,1433157173
828,20150601,0.003,0.001,0.000,1433157174
829,20150601,0.002,0.003,0.000,1433157175
830,20150601,0.002,0.001,0.000,1433157176
831,20150601,0.001,0.001,0.000,1433157177
832,20150601,0.006,0.001,0.001,1433157178
833,20150601,0.045,0.001,0.001,1433157179
834,20150601,0.010,0.001,0.000,1433157180
835,20150601,0.003,0.001,0.000,1433157181
836,20150601,0.002,0.000,0.000,1433157182
837,20150601,0.002,0.001,0.000,1433157183
838,20150601,0.005,0.001,0.000,1433157184
839,20150601,0.009,0.001,0.001,1433157185
840,20150601,0.010,0.000,0.000,1433157186
841,20150601,0.011,0.000,0.001,1433157187
842,20150601,0.036,0.018,0.005,1433157188
843,20150601,0.085,0.029,0.023,1433157189
844,20150601,0.052,0.022,0.024,1433157190
845,20150601,0.017,0.014,0.007,1433157191
846,20150601,0.003,0.003,0.003,1433157192
847,20150601,0.001,0.001,0.000,1433157193
848,20150601,0.000,0.000,0.000,1433157194
849,20150601,0.003,0.036,0.001,1433157195
850,20150601,0.012,0.108,0.004,1433157196
851,20150601,0.067,0.060,0.007,1433157197
852,20150601,0.039,0.055,0.004,1433157198
853,20150601,0.026,0.029,0.003,1433157199
854,20150601,0.043,0.010,0.001,1433157200
855,20150601,0.062,0.011,0.002,1433157201
856,20150601,0.097,0.012,0.002,1433157202
857,20150601,0.057,0.080,0.004,1433157203
858,20150601,0.028,0.045,0.003,1433157204
859,20150601,0.009,0.023,0.002,1433157205
860,20150601,0.002,0.004,0.000,1433157206
861,20150601,0.000,0.001,0.000,1433157207
862,20150601,0.000,0.001,0.000,1433157208
863,20150601,0.000,0.001,0.000,1433157209
864,20150601,0.001,0.000,0.000,1433157210
865,20150601,0.001,0.008,0.001,1433157211
866,20150601,0.001,0.053,0.001,1433157212
867,20150601,0.001,0.011,0.000,1433157213
868,20150601,0.000,0.005,0.000,1433157214
869,20150601,0.000,0.001,0.000,1433157215
870,20150601,0.000,0.001,0.000,1433157216
871,20150601,0.000,0.000,0.000,1433157217
872,20150601,0.001,0.002,0.000,1433157218
873,20150601,0.001,0.003,0.000,1433157219
874,20150601,0.004,0.061,0.004,1433157220
875,20150601,0.013,0.039,0.005,1433157221
876,20150601,0.075,0.091,0.007,1433157222
877,20150601,0.119,0.043,0.003,1433157223
878,20150601,0.055,0.050,0.002,1433157224
879,20150601,0.052,0.102,0.003,1433157225
880,20150601,0.012,0.058,0.004,1433157226
881,20150601,0.002,0.013,0.001,1433157227
882,20150601,0.003,0.025,0.001,1433157228
883,20150601,0.005,0.019,0.000,1433157229
884,20150601,0.001,0.006,0.000,1433157230
885,20150601,0.009,0.019,0.001,1433157231
886,20150601,0.012,0.045,0.001,1433157232
887,20150601,0.008,0.108,0.002,1433157233
888,20150601,0.014,0.181,0.004,1433157234
889,20150601,0.101,0.064,0.004,1433157235
890,20150601,0.062,0.014,0.001,1433157236
891,20150601,0.100,0.083,0.002,1433157237
892,20150601,0.090,0.049,0.004,1433157238
893,20150601,0.017,0.016,0.001,1433157239
894,20150601,0.003,0.025,0.001,1433157240
895,20150601,0.001,0.009,0.001,1433157241
896,20150601,0.001,0.014,0.001,1433157242
897,20150601,0.000,0.011,0.001,1433157243
898,20150601,0.003,0.019,0.001,1433157244
899,20150601,0.041,0.054,0.004,1433157245
900,20150601,0.025,0.050,0.006,1433157246
901,20150601,0.017,0.061,0.026,1433157247
902,20150601,0.016,0.090,0.007,1433157248
903,20150601,0.027,0.090,0.010,1433157249
904,20150601,0.008,0.017,0.002,1433157250
905,20150601,0.002,0.005,0.000,1433157251
906,20150601,0.001,0.005,0.000,1433157252
907,20150601,0.000,0.005,0.001,1433157253
908,20150601,0.000,0.005,0.001,1433157254
909,20150601,0.013,0.067,0.010,1433157255
910,20150601,0.028,0.020,0.007,1433157256
911,20150601,0.003,0.007,0.002,1433157257
912,20150601,0.003,0.001,0.000,1433157258
913,20150601,0.003,0.002,0.000,1433157259
914,20150601,0.003,0.003,0.000,1433157260
915,20150601,0.004,0.003,0.001,1433157261
916,20150601,0.005,0.002,0.000,1433157262
917,20150601,0.002,0.001,0.000,1433157263
918,20150601,0.001,0.002,0.001,1433157264
919,20150601,0.000,0.001,0.001,1433157265
920,20150601,0.001,0.001,0.000,1433157266
921,20150601,0.001,0.001,0.000,1433157267
922,20150601,0.000,0.003,0.001,1433157268
923,20150601,0.010,0.027,0.003,1433157269
924,20150601,0.010,0.049,0.006,1433157270
925,20150601,0.003,0.008,0.001,1433157271
926,20150601,0.031,0.007,0.001,1433157272
927,20150601,0.010,0.087,0.005,1433157273
928,20150601,0.005,0.032,0.003,1433157274
929,20150601,0.016,0.005,0.002,1433157275
930,20150601,0.085,0.001,0.001,1433157276
931,20150601,0.052,0.002,0.001,1433157277
932,20150601,0.058,0.003,0.002,1433157278
933,20150601,0.054,0.001,0.001,1433157279
934,20150601,0.015,0.001,0.000,1433157280
935,20150601,0.065,0.001,0.001,1433157281
936,20150601,0.054,0.001,0.001,1433157282
937,20150601,0.014,0.007,0.001,1433157283
938,20150601,0.002,0.003,0.001,1433157284
939,20150601,0.001,0.001,0.001,1433157285
940,20150601,0.011,0.002,0.000,1433157286
941,20150601,0.004,0.002,0.001,1433157287
942,20150601,0.001,0.001,0.001,1433157288
943,20150601,0.003,0.010,0.002,1433157289
944,20150601,0.009,0.028,0.003,1433157290
945,20150601,0.001,0.007,0.001,1433157291
946,20150601,0.002,0.003,0.001,1433157292
947,20150601,0.015,0.027,0.001,1433157293
948,20150601,0.011,0.030,0.001,1433157294
949,20150601,0.002,0.007,0.001,1433157295
950,20150601,0.000,0.001,0.000,1433157296
951,20150601,0.001,0.052,0.001,1433157297
952,20150601,0.000,0.053,0.001,1433157298
953,20150601,0.000,0.024,0.001,1433157299
954,20150601,0.000,0.010,0.001,1433157300
955,20150601,0.000,0.025,0.000,1433157301
956,20150601,0.000,0.016,0.001,1433157302
957,20150601,0.000,0.033,0.001,1433157303
958,20150601,0.001,0.095,0.001,1433157304
959,20150601,0.000,0.014,0.000,1433157305
960,20150601,0.000,0.003,0.000,1433157306
961,20150601,0.000,0.001,0.000,1433157307
962,20150601,0.000,0.001,0.001,1433157308
963,20150601,0.001,0.001,0.000,1433157309
964,20150601,0.004,0.001,0.001,1433157310
965,20150601,0.003,0.001,0.000,1433157311
966,20150601,0.001,0.000,0.000,1433157312
967,20150601,0.000,0.000,0.000,1433157313
968,20150601,0.000,0.000,0.000,1433157314
969,20150601,0.000,0.000,0.000,1433157315
970,20150601,0.000,0.000,0.000,1433157316
971,20150601,0.000,0.000,0.000,1433157317
972,20150601,0.000,0.000,0.000,1433157318
973,20150601,0.001,0.000,0.000,1433157319
974,20150601,0.003,0.027,0.002,1433157320
975,20150601,0.003,0.008,0.000,1433157321
976,20150601,0.001,0.003,0.001,1433157322
977,20150601,0.001,0.001,0.000,1433157323
978,20150601,0.001,0.004,0.000,1433157324
979,20150601,0.001,0.007,0.001,1433157325
980,20150601,0.002,0.062,0.004,1433157326
981,20150601,0.003,0.036,0.004,1433157327
982,20150601,0.001,0.087,0.001,1433157328
983,20150601,0.000,0.018,0.000,1433157329
984,20150601,0.002,0.003,0.001,1433157330
985,20150601,0.007,0.001,0.001,1433157331
986,20150601,0.002,0.002,0.001,1433157332
987,20150601,0.000,0.002,0.001,1433157333
988,20150601,0.000,0.000,0.000,1433157334
989,20150601,0.000,0.000,0.000,1433157335
990,20150601,0.000,0.000,0.000,1433157336
991,20150601,0.000,0.000,0.000,1433157337
992,20150601,0.000,0.000,0.000,1433157338
993,20150601,0.000,0.000,0.000,1433157339
994,20150601,0.000,0.000,0.000,1433157340
995,20150601,0.000,0.000,0.000,1433157341
996,20150601,0.000,0.001,0.000,1433157342
997,20150601,0.072,0.002,0.002,1433157343
998,20150601,0.066,0.001,0.001,1433157344
999,20150601,0.014,0.001,0.000,1433157345
1000,20150601,0.007,0.000,0.000,1433157346
1001,20150601,0.006,0.000,0.001,1433157347
1002,20150601,0.100,0.001,0.001,1433157348
1003,20150601,0.039,0.001,0.001,1433157349
1004,20150601,0.007,0.000,0.000,1433157350
1005,20150601,0.001,0.000,0.001,1433157351
1006,20150601,0.001,0.001,0.000,1433157352
1007,20150601,0.001,0.000,0.001,1433157353
1008,20150601,0.001,0.000,0.000,1433157354
1009,20150601,0.001,0.000,0.000,1433157355
1010,20150601,0.001,0.000,0.000,1433157356
1011,20150601,0.001,0.000,0.001,1433157357
1012,20150601,0.001,0.000,0.000,1433157358
1013,20150601,0.001,0.000,0.000,1433157359
1014,20150601,0.001,0.000,0.000,1433157360
1015,20150601,0.000,0.000,0.000,1433157361
1016,20150601,0.000,0.000,0.001,1433157362
1017,20150601,0.001,0.000,0.000,1433157363
1018,20150601,0.000,0.000,0.000,1433157364
1019,20150601,0.001,0.000,0.000,1433157365
1020,20150601,0.000,0.000,0.001,1433157366
1021,20150601,0.000,0.000,0.000,1433157367
1022,20150601,0.001,0.000,0.000,1433157368
1023,20150601,0.001,0.000,0.001,1433157369
1024,20150601,0.001,0.000,0.000,1433157370
1025,20150601,0.001,0.000,0.000,1433157371
1026,20150601,0.001,0.000,0.000,1433157372
1027,20150601,0.001,0.013,0.001,1433157373
1028,20150601,0.105,0.062,0.005,1433157374
1029,20150601,0.072,0.015,0.010,1433157375
1030,20150601,0.018,0.004,0.014,1433157376
1031,20150601,0.004,0.002,0.005,1433157377
1032,20150601,0.002,0.003,0.002,1433157378
1033,20150601,0.000,0.000,0.001,1433157379
1034,20150601,0.001,0.000,0.000,1433157380
1035,20150601,0.000,0.000,0.000,1433157381
1036,20150601,0.000,0.000,0.000,1433157382
1037,20150601,0.000,0.001,0.000,1433157383
1038,20150601,0.001,0.001,0.000,1433157384
1039,20150601,0.000,0.001,0.001,1433157385
1040,20150601,0.000,0.002,0.000,1433157386
1041,20150601,0.001,0.001,0.000,1433157387
1042,20150601,0.001,0.000,0.000,1433157388
1043,20150601,0.001,0.000,0.000,1433157389
1044,20150601,0.000,0.000,0.000,1433157390
1045,20150601,0.000,0.000,0.000,1433157391
1046,20150601,0.000,0.000,0.000,1433157392
1047,20150601,0.000,0.001,0.000,1433157393
1048,20150601,0.000,0.003,0.000,1433157394
1049,20150601,0.000,0.002,0.000,1433157395
1050,20150601,0.000,0.001,0.000,1433157396
1051,20150601,0.000,0.000,0.000,1433157397
1052,20150601,0.000,0.000,0.000,1433157398
1053,20150601,0.000,0.000,0.000,1433157399
1054,20150601,0.000,0.000,0.000,1433157400
1055,20150601,0.000,0.000,0.000,1433157401
1056,20150601,0.000,0.000,0.001,1433157402
1057,20150601,0.000,0.000,0.000,1433157403
1058,20150601,0.001,0.000,0.000,1433157404
1059,20150601,0.000,0.000,0.000,1433157405
1060,20150601,0.000,0.000,0.001,1433157406
1061,20150601,0.000,0.001,0.000,1433157407
1062,20150601,0.000,0.001,0.000,1433157408
1063,20150601,0.000,0.000,0.001,1433157409
1064,20150601,0.000,0.000,0.000,1433157410
1065,20150601,0.000,0.000,0.000,1433157411
1066,20150601,0.000,0.000,0.000,1433157412
1067,20150601,0.000,0.000,0.001,1433157413
1068,20150601,0.001,0.000,0.000,1433157414
1069,20150601,0.001,0.000,0.000,1433157415
1070,20150601,0.000,0.000,0.000,1433157416
1071,20150601,0.000,0.000,0.001,1433157417
1072,20150601,0.012,0.014,0.004,1433157418
1073,20150601,0.016,0.033,0.020,1433157419
1074,20150601,0.122,0.035,0.025,1433157420
1075,20150601,0.045,0.041,0.007,1433157421
1076,20150601,0.014,0.020,0.004,1433157422
1077,20150601,0.002,0.003,0.000,1433157423
1078,20150601,0.000,0.001,0.000,1433157424
1079,20150601,0.000,0.005,0.001,1433157425
1080,20150601,0.000,0.003,0.001,1433157426
1081,20150601,0.000,0.001,0.000,1433157427
1082,20150601,0.000,0.005,0.000,1433157428
1083,20150601,0.000,0.003,0.000,1433157429
1084,20150601,0.000,0.002,0.000,1433157430
1085,20150601,0.000,0.002,0.000,1433157431
1086,20150601,0.000,0.002,0.000,1433157432
1087,20150601,0.000,0.002,0.000,1433157433
1088,20150601,0.000,0.000,0.000,1433157434
1089,20150601,0.001,0.003,0.000,1433157435
1090,20150601,0.026,0.004,0.001,1433157436
1091,20150601,0.004,0.001,0.000,1433157437
1092,20150601,0.002,0.001,0.000,1433157438
1093,20150601,0.001,0.001,0.000,1433157439
1094,20150601,0.005,0.001,0.000,1433157440
1095,20150601,0.050,0.028,0.001,1433157441
1096,20150601,0.049,0.061,0.001,1433157442
1097,20150601,0.063,0.027,0.000,1433157443
1098,20150601,0.008,0.010,0.000,1433157444
1099,20150601,0.003,0.009,0.000,1433157445
1100,20150601,0.003,0.006,0.000,1433157446
1101,20150601,0.001,0.002,0.000,1433157447
1102,20150601,0.001,0.001,0.000,1433157448
1103,20150601,0.000,0.000,0.000,1433157449
1104,20150601,0.001,0.001,0.000,1433157450
1105,20150601,0.004,0.012,0.000,1433157451
1106,20150601,0.007,0.008,0.000,1433157452
1107,20150601,0.052,0.045,0.001,1433157453
1108,20150601,0.115,0.037,0.001,1433157454
1109,20150601,0.015,0.005,0.002,1433157455
1110,20150601,0.002,0.006,0.002,1433157456
1111,20150601,0.001,0.002,0.001,1433157457
1112,20150601,0.000,0.001,0.000,1433157458
1113,20150601,0.000,0.001,0.000,1433157459
1114,20150601,0.001,0.001,0.001,1433157460
1115,20150601,0.001,0.003,0.001,1433157461
1116,20150601,0.001,0.001,0.000,1433157462
1117,20150601,0.002,0.002,0.000,1433157463
1118,20150601,0.000,0.001,0.000,1433157464
1119,20150601,0.002,0.002,0.000,1433157465
1120,20150601,0.000,0.001,0.000,1433157466
1121,20150601,0.000,0.001,0.000,1433157467
1122,20150601,0.006,0.002,0.000,1433157468
1123,20150601,0.006,0.020,0.002,1433157469
1124,20150601,0.006,0.019,0.002,1433157470
1125,20150601,0.003,0.006,0.005,1433157471
1126,20150601,0.004,0.011,0.011,1433157472
1127,20150601,0.005,0.021,0.005,1433157473
1128,20150601,0.004,0.013,0.001,1433157474
1129,20150601,0.001,0.026,0.001,1433157475
1130,20150601,0.003,0.031,0.001,1433157476
1131,20150601,0.041,0.027,0.002,1433157477
1132,20150601,0.006,0.030,0.002,1433157478
1133,20150601,0.001,0.020,0.001,1433157479
1134,20150601,0.002,0.031,0.001,1433157480
1135,20150601,0.022,0.009,0.001,1433157481
1136,20150601,0.072,0.077,0.002,1433157482
1137,20150601,0.058,0.053,0.002,1433157483
1138,20150601,0.030,0.073,0.001,1433157484
1139,20150601,0.006,0.009,0.001,1433157485
1140,20150601,0.001,0.005,0.000,1433157486
1141,20150601,0.001,0.003,0.000,1433157487
1142,20150601,0.001,0.003,0.001,1433157488
1143,20150601,0.000,0.001,0.000,1433157489
1144,20150601,0.000,0.001,0.000,1433157490
1145,20150601,0.001,0.000,0.000,1433157491
1146,20150601,0.001,0.000,0.000,1433157492
1147,20150601,0.001,0.001,0.000,1433157493
1148,20150601,0.001,0.000,0.000,1433157494
1149,20150601,0.001,0.000,0.000,1433157495
1150,20150601,0.001,0.000,0.000,1433157496
1151,20150601,0.000,0.000,0.000,1433157497
1152,20150601,0.000,0.000,0.000,1433157498
1153,20150601,0.000,0.000,0.000,1433157499
1154,20150601,0.001,0.000,0.000,1433157500
1155,20150601,0.001,0.000,0.000,1433157501
1156,20150601,0.001,0.001,0.000,1433157502
1157,20150601,0.005,0.014,0.002,1433157503
1158,20150601,0.009,0.008,0.003,1433157504
1159,20150601,0.004,0.005,0.001,1433157505
1160,20150601,0.002,0.007,0.000,1433157506
1161,20150601,0.000,0.002,0.000,1433157507
1162,20150601,0.001,0.000,0.000,1433157508
1163,20150601,0.000,0.000,0.000,1433157509
1164,20150601,0.001,0.002,0.000,1433157510
1165,20150601,0.001,0.002,0.001,1433157511
1166,20150601,0.001,0.002,0.000,1433157512
1167,20150601,0.001,0.002,0.000,1433157513
1168,20150601,0.000,0.003,0.000,1433157514
1169,20150601,0.000,0.001,0.000,1433157515
1170,20150601,0.001,0.005,0.000,1433157516
1171,20150601,0.001,0.004,0.000,1433157517
1172,20150601,0.000,0.001,0.000,1433157518
1173,20150601,0.000,0.000,0.000,1433157519
1174,20150601,0.000,0.000,0.000,1433157520
1175,20150601,0.001,0.004,0.000,1433157521
1176,20150601,0.001,0.011,0.000,1433157522
1177,20150601,0.001,0.008,0.000,1433157523
1178,20150601,0.001,0.003,0.000,1433157524
1179,20150601,0.001,0.006,0.000,1433157525
1180,20150601,0.001,0.005,0.000,1433157526
1181,20150601,0.001,0.003,0.001,1433157527
1182,20150601,0.000,0.002,0.000,1433157528
1183,20150601,0.000,0.001,0.000,1433157529
1184,20150601,0.000,0.001,0.000,1433157530
1185,20150601,0.000,0.001,0.000,1433157531
1186,20150601,0.000,0.000,0.000,1433157532
1187,20150601,0.000,0.002,0.000,1433157533
1188,20150601,0.001,0.004,0.000,1433157534
1189,20150601,0.000,0.001,0.000,1433157535
1190,20150601,0.001,0.002,0.000,1433157536
1191,20150601,0.001,0.001,0.000,1433157537
1192,20150601,0.000,0.000,0.000,1433157538
1193,20150601,0.001,0.002,0.000,1433157539
1194,20150601,0.001,0.003,0.000,1433157540
1195,20150601,0.001,0.002,0.000,1433157541
1196,20150601,0.003,0.003,0.001,1433157542
1197,20150601,0.030,0.005,0.002,1433157543
1198,20150601,0.108,0.032,0.003,1433157544
1199,20150601,0.045,0.028,0.003,1433157545
1200,20150601,0.010,0.006,0.003,1433157546
1201,20150601,0.004,0.004,0.003,1433157547
1202,20150601,0.000,0.004,0.001,1433157548
1203,20150601,0.000,0.001,0.000,1433157549
1204,20150601,0.000,0.002,0.000,1433157550
1205,20150601,0.000,0.001,0.000,1433157551
1206,20150601,0.000,0.001,0.000,1433157552
1207,20150601,0.000,0.002,0.001,1433157553
1208,20150601,0.000,0.001,0.000,1433157554
1209,20150601,0.000,0.000,0.000,1433157555
1210,20150601,0.000,0.000,0.000,1433157556
1211,20150601,0.000,0.000,0.000,1433157557
1212,20150601,0.000,0.001,0.001,1433157558
1213,20150601,0.000,0.000,0.001,1433157559
1214,20150601,0.000,0.000,0.000,1433157560
1215,20150601,0.000,0.000,0.000,1433157561
1216,20150601,0.000,0.000,0.000,1433157562
1217,20150601,0.000,0.000,0.000,1433157563
1218,20150601,0.000,0.000,0.000,1433157564
1219,20150601,0.000,0.000,0.001,1433157565
1220,20150601,0.000,0.000,0.000,1433157566
1221,20150601,0.001,0.000,0.000,1433157567
1222,20150601,0.091,0.001,0.002,1433157568
1223,20150601,0.029,0.001,0.001,1433157569
1224,20150601,0.048,0.000,0.000,1433157570
1225,20150601,0.016,0.000,0.001,1433157571
1226,20150601,0.048,0.000,0.001,1433157572
1227,20150601,0.009,0.000,0.000,1433157573
1228,20150601,0.023,0.001,0.001,1433157574
1229,20150601,0.020,0.002,0.000,1433157575
1230,20150601,0.009,0.001,0.000,1433157576
1231,20150601,0.069,0.034,0.003,1433157577
1232,20150601,0.025,0.020,0.002,1433157578
1233,20150601,0.004,0.004,0.001,1433157579
1234,20150601,0.016,0.009,0.001,1433157580
1235,20150601,0.011,0.009,0.001,1433157581
1236,20150601,0.025,0.004,0.001,1433157582
1237,20150601,0.016,0.009,0.001,1433157583
1238,20150601,0.016,0.013,0.001,1433157584
1239,20150601,0.007,0.010,0.001,1433157585
1240,20150601,0.026,0.028,0.001,1433157586
1241,20150601,0.015,0.002,0.001,1433157587
1242,20150601,0.011,0.018,0.001,1433157588
1243,20150601,0.021,0.020,0.001,1433157589
1244,20150601,0.005,0.011,0.001,1433157590
1245,20150601,0.015,0.011,0.001,1433157591
1246,20150601,0.017,0.019,0.001,1433157592
1247,20150601,0.007,0.006,0.001,1433157593
1248,20150601,0.001,0.001,0.000,1433157594
1249,20150601,0.001,0.025,0.001,1433157595
1250,20150601,0.001,0.024,0.001,1433157596
1251,20150601,0.003,0.005,0.000,1433157597
1252,20150601,0.006,0.002,0.001,1433157598
1253,20150601,0.002,0.001,0.001,1433157599
1254,20150601,0.000,0.000,0.000,1433157600
1255,20150601,0.000,0.000,0.000,1433157601
1256,20150601,0.002,0.001,0.000,1433157602
1257,20150601,0.002,0.001,0.000,1433157603
1258,20150601,0.002,0.001,0.000,1433157604
1259,20150601,0.005,0.002,0.000,1433157605
1260,20150601,0.001,0.001,0.000,1433157606
1261,20150601,0.004,0.002,0.001,1433157607
1262,20150601,0.002,0.000,0.000,1433157608
1263,20150601,0.001,0.000,0.001,1433157609
1264,20150601,0.000,0.000,0.000,1433157610
1265,20150601,0.000,0.000,0.000,1433157611
1266,20150601,0.000,0.000,0.000,1433157612
1267,20150601,0.000,0.000,0.000,1433157613
1268,20150601,0.000,0.000,0.000,1433157614
1269,20150601,0.000,0.000,0.001,1433157615
1270,20150601,0.000,0.000,0.001,1433157616
1271,20150601,0.000,0.000,0.000,1433157617
1272,20150601,0.000,0.000,0.000,1433157618
1273,20150601,0.000,0.000,0.000,1433157619
1274,20150601,0.000,0.000,0.000,1433157620
1275,20150601,0.000,0.000,0.000,1433157621
1276,20150601,0.000,0.001,0.000,1433157622
1277,20150601,0.000,0.004,0.000,1433157623
1278,20150601,0.000,0.002,0.000,1433157624
1279,20150601,0.001,0.026,0.001,1433157625
1280,20150601,0.000,0.031,0.000,1433157626
1281,20150601,0.000,0.011,0.000,1433157627
1282,20150601,0.000,0.002,0.001,1433157628
1283,20150601,0.000,0.003,0.000,1433157629
1284,20150601,0.000,0.002,0.000,1433157630
1285,20150601,0.000,0.001,0.000,1433157631
1286,20150601,0.000,0.000,0.000,1433157632
1287,20150601,0.000,0.000,0.000,1433157633
1288,20150601,0.000,0.000,0.000,1433157634
1289,20150601,0.000,0.000,0.001,1433157635
1290,20150601,0.000,0.002,0.000,1433157636
1291,20150601,0.007,0.011,0.001,1433157637
1292,20150601,0.016,0.026,0.002,1433157638
1293,20150601,0.020,0.008,0.001,1433157639
1294,20150601,0.017,0.019,0.001,1433157640
1295,20150601,0.005,0.004,0.001,1433157641
1296,20150601,0.002,0.061,0.000,1433157642
1297,20150601,0.001,0.014,0.000,1433157643
1298,20150601,0.000,0.040,0.000,1433157644
1299,20150601,0.000,0.016,0.001,1433157645
1300,20150601,0.000,0.003,0.000,1433157646
1301,20150601,0.000,0.001,0.000,1433157647
1302,20150601,0.000,0.000,0.000,1433157648
1303,20150601,0.000,0.001,0.000,1433157649
1304,20150601,0.008,0.014,0.001,1433157650
1305,20150601,0.013,0.012,0.001,1433157651
1306,20150601,0.013,0.014,0.010,1433157652
1307,20150601,0.011,0.024,0.005,1433157653
1308,20150601,0.027,0.008,0.005,1433157654
1309,20150601,0.001,0.001,0.003,1433157655
1310,20150601,0.001,0.001,0.002,1433157656
1311,20150601,0.001,0.001,0.000,1433157657
1312,20150601,0.000,0.001,0.000,1433157658
1313,20150601,0.004,0.002,0.000,1433157659
1314,20150601,0.002,0.001,0.000,1433157660
1315,20150601,0.000,0.000,0.000,1433157661
1316,20150601,0.000,0.000,0.000,1433157662
1317,20150601,0.000,0.000,0.000,1433157663
1318,20150601,0.000,0.000,0.000,1433157664
1319,20150601,0.000,0.000,0.001,1433157665
1320,20150601,0.000,0.000,0.000,1433157666
1321,20150601,0.000,0.000,0.000,1433157667
1322,20150601,0.000,0.000,0.000,1433157668
1323,20150601,0.000,0.000,0.000,1433157669
1324,20150601,0.000,0.000,0.000,1433157670
1325,20150601,0.000,0.000,0.000,1433157671
1326,20150601,0.001,0.001,0.000,1433157672
1327,20150601,0.002,0.002,0.001,1433157673
1328,20150601,0.001,0.001,0.001,1433157674
1329,20150601,0.001,0.000,0.000,1433157675
1330,20150601,0.001,0.000,0.000,1433157676
1331,20150601,0.001,0.002,0.000,1433157677
1332,20150601,0.001,0.002,0.001,1433157678
1333,20150601,0.001,0.002,0.001,1433157679
1334,20150601,0.001,0.001,0.000,1433157680
1335,20150601,0.003,0.026,0.001,1433157681
1336,20150601,0.001,0.034,0.001,1433157682
1337,20150601,0.003,0.006,0.001,1433157683
1338,20150601,0.001,0.001,0.000,1433157684
1339,20150601,0.001,0.001,0.000,1433157685
1340,20150601,0.001,0.000,0.001,1433157686
1341,20150601,0.001,0.001,0.000,1433157687
1342,20150601,0.001,0.001,0.000,1433157688
1343,20150601,0.001,0.002,0.000,1433157689
1344,20150601,0.000,0.001,0.001,1433157690
1345,20150601,0.002,0.001,0.000,1433157691
1346,20150601,0.001,0.001,0.000,1433157692
1347,20150601,0.000,0.000,0.000,1433157693
1348,20150601,0.004,0.002,0.001,1433157694
1349,20150601,0.002,0.000,0.000,1433157695
1350,20150601,0.001,0.000,0.000,1433157696
1351,20150601,0.000,0.000,0.000,1433157697
1352,20150601,0.001,0.031,0.001,1433157698
1353,20150601,0.000,0.025,0.000,1433157699
1354,20150601,0.000,0.016,0.000,1433157700
1355,20150601,0.000,0.004,0.000,1433157701
1356,20150601,0.000,0.002,0.000,1433157702
1357,20150601,0.000,0.005,0.000,1433157703
1358,20150601,0.000,0.001,0.000,1433157704
1359,20150601,0.000,0.001,0.000,1433157705
1360,20150601,0.000,0.005,0.000,1433157706
1361,20150601,0.000,0.013,0.000,1433157707
1362,20150601,0.000,0.003,0.000,1433157708
1363,20150601,0.005,0.006,0.003,1433157709
1364,20150601,0.016,0.055,0.007,1433157710
1365,20150601,0.003,0.019,0.004,1433157711
1366,20150601,0.001,0.004,0.002,1433157712
1367,20150601,0.005,0.025,0.001,1433157713
1368,20150601,0.020,0.011,0.001,1433157714
1369,20150601,0.013,0.011,0.001,1433157715
1370,20150601,0.006,0.010,0.001,1433157716
1371,20150601,0.005,0.013,0.001,1433157717
1372,20150601,0.015,0.008,0.001,1433157718
1373,20150601,0.009,0.008,0.001,1433157719
1374,20150601,0.013,0.036,0.001,1433157720
1375,20150601,0.020,0.050,0.000,1433157721
1376,20150601,0.006,0.015,0.000,1433157722
1377,20150601,0.001,0.003,0.000,1433157723
1378,20150601,0.004,0.018,0.000,1433157724
1379,20150601,0.013,0.016,0.001,1433157725
1380,20150601,0.005,0.017,0.001,1433157726
1381,20150601,0.014,0.006,0.001,1433157727
1382,20150601,0.014,0.015,0.002,1433157728
1383,20150601,0.010,0.018,0.002,1433157729
1384,20150601,0.002,0.009,0.001,1433157730
1385,20150601,0.003,0.024,0.001,1433157731
1386,20150601,0.007,0.022,0.001,1433157732
1387,20150601,0.002,0.011,0.000,1433157733
1388,20150601,0.000,0.004,0.000,1433157734
1389,20150601,0.000,0.001,0.000,1433157735
1390,20150601,0.000,0.000,0.000,1433157736
1391,20150601,0.000,0.000,0.000,1433157737
1392,20150601,0.000,0.000,0.000,1433157738
1393,20150601,0.000,0.013,0.000,1433157739
1394,20150601,0.014,0.036,0.003,1433157740
1395,20150601,0.014,0.016,0.002,1433157741
1396,20150601,0.001,0.003,0.000,1433157742
1397,20150601,0.000,0.001,0.000,1433157743
1398,20150601,0.004,0.001,0.001,1433157744
1399,20150601,0.029,0.046,0.003,1433157745
1400,20150601,0.003,0.004,0.001,1433157746
1401,20150601,0.001,0.001,0.001,1433157747
1402,20150601,0.000,0.000,0.000,1433157748
1403,20150601,0.000,0.000,0.000,1433157749
1404,20150601,0.000,0.012,0.000,1433157750
1405,20150601,0.004,0.009,0.001,1433157751
1406,20150601,0.002,0.003,0.000,1433157752
1407,20150601,0.003,0.003,0.000,1433157753
1408,20150601,0.029,0.006,0.003,1433157754
1409,20150601,0.005,0.002,0.001,1433157755
1410,20150601,0.013,0.003,0.001,1433157756
1411,20150601,0.108,0.009,0.018,1433157757
1412,20150601,0.031,0.005,0.015,1433157758
1413,20150601,0.005,0.006,0.007,1433157759
1414,20150601,0.087,0.008,0.004,1433157760
1415,20150601,0.048,0.001,0.001,1433157761
1416,20150601,0.011,0.001,0.000,1433157762
1417,20150601,0.005,0.001,0.000,1433157763
1418,20150601,0.004,0.001,0.000,1433157764
1419,20150601,0.125,0.020,0.003,1433157765
1420,20150601,0.056,0.021,0.002,1433157766
1421,20150601,0.009,0.004,0.001,1433157767
1422,20150601,0.002,0.000,0.001,1433157768
1423,20150601,0.001,0.002,0.000,1433157769
1424,20150601,0.001,0.003,0.000,1433157770
1425,20150601,0.017,0.002,0.006,1433157771
1426,20150601,0.117,0.046,0.008,1433157772
1427,20150601,0.022,0.047,0.003,1433157773
1428,20150601,0.006,0.033,0.001,1433157774
1429,20150601,0.002,0.021,0.003,1433157775
1430,20150601,0.003,0.018,0.003,1433157776
1431,20150601,0.009,0.010,0.005,1433157777
1432,20150601,0.005,0.014,0.002,1433157778
1433,20150601,0.013,0.010,0.001,1433157779
1434,20150601,0.012,0.014,0.001,1433157780
1435,20150601,0.024,0.018,0.002,1433157781
1436,20150601,0.005,0.007,0.000,1433157782
1437,20150601,0.006,0.008,0.000,1433157783
1438,20150601,0.011,0.007,0.001,1433157784
1439,20150601,0.004,0.010,0.001,1433157785
1440,20150601,0.001,0.011,0.000,1433157786
1441,20150601,0.000,0.012,0.000,1433157787
1442,20150601,0.002,0.032,0.002,1433157788
1443,20150601,0.001,0.025,0.002,1433157789
1444,20150601,0.001,0.008,0.001,1433157790
1445,20150601,0.001,0.021,0.001,1433157791
1446,20150601,0.000,0.006,0.000,1433157792
1447,20150601,0.000,0.001,0.000,1433157793
1448,20150601,0.000,0.000,0.000,1433157794
1449,20150601,0.000,0.001,0.000,1433157795
1450,20150601,0.000,0.002,0.000,1433157796
1451,20150601,0.001,0.026,0.001,1433157797
1452,20150601,0.001,0.010,0.001,1433157798
1453,20150601,0.000,0.003,0.000,1433157799
1454,20150601,0.000,0.007,0.000,1433157800
1455,20150601,0.006,0.016,0.001,1433157801
1456,20150601,0.003,0.047,0.003,1433157802
1457,20150601,0.001,0.025,0.002,1433157803
1458,20150601,0.011,0.019,0.002,1433157804
1459,20150601,0.012,0.026,0.002,1433157805
1460,20150601,0.007,0.020,0.001,1433157806
1461,20150601,0.020,0.019,0.003,1433157807
1462,20150601,0.023,0.005,0.002,1433157808
1463,20150601,0.007,0.003,0.001,1433157809
1464,20150601,0.100,0.005,0.002,1433157810
1465,20150601,0.057,0.001,0.002,1433157811
1466,20150601,0.039,0.001,0.001,1433157812
1467,20150601,0.015,0.001,0.000,1433157813
1468,20150601,0.051,0.001,0.000,1433157814
1469,20150601,0.021,0.001,0.001,1433157815
1470,20150601,0.008,0.000,0.000,1433157816
1471,20150601,0.014,0.001,0.000,1433157817
1472,20150601,0.011,0.000,0.000,1433157818
1473,20150601,0.005,0.000,0.000,1433157819
1474,20150601,0.002,0.000,0.000,1433157820
1475,20150601,0.001,0.000,0.001,1433157821
1476,20150601,0.095,0.003,0.004,1433157822
1477,20150601,0.030,0.002,0.002,1433157823
1478,20150601,0.005,0.001,0.000,1433157824
1479,20150601,0.001,0.000,0.001,1433157825
1480,20150601,0.000,0.000,0.000,1433157826
1481,20150601,0.000,0.017,0.000,1433157827
1482,20150601,0.000,0.007,0.000,1433157828
1483,20150601,0.000,0.023,0.000,1433157829
1484,20150601,0.000,0.003,0.000,1433157830
1485,20150601,0.000,0.001,0.000,1433157831
1486,20150601,0.000,0.001,0.000,1433157832
1487,20150601,0.000,0.001,0.000,1433157833
1488,20150601,0.000,0.002,0.000,1433157834
1489,20150601,0.000,0.004,0.000,1433157835
1490,20150601,0.000,0.003,0.000,1433157836
1491,20150601,0.000,0.002,0.001,1433157837
1492,20150601,0.000,0.005,0.000,1433157838
1493,20150601,0.001,0.006,0.001,1433157839
1494,20150601,0.026,0.005,0.004,1433157840
1495,20150601,0.005,0.005,0.002,1433157841
1496,20150601,0.001,0.001,0.001,1433157842
1497,20150601,0.001,0.005,0.002,1433157843
1498,20150601,0.003,0.004,0.001,1433157844
1499,20150601,0.015,0.007,0.002,1433157845
1500,20150601,0.002,0.007,0.001,1433157846
1501,20150601,0.000,0.004,0.001,1433157847
1502,20150601,0.018,0.006,0.001,1433157848
1503,20150601,0.009,0.002,0.001,1433157849
1504,20150601,0.001,0.002,0.000,1433157850
1505,20150601,0.001,0.002,0.001,1433157851
1506,20150601,0.001,0.001,0.000,1433157852
1507,20150601,0.000,0.001,0.000,1433157853
1508,20150601,0.000,0.001,0.000,1433157854
1509,20150601,0.000,0.001,0.000,1433157855
1510,20150601,0.003,0.003,0.000,1433157856
1511,20150601,0.001,0.003,0.000,1433157857
1512,20150601,0.000,0.002,0.000,1433157858
1513,20150601,0.000,0.001,0.000,1433157859
1514,20150601,0.000,0.000,0.000,1433157860
1515,20150601,0.000,0.000,0.000,1433157861
1516,20150601,0.000,0.001,0.000,1433157862
1517,20150601,0.018,0.005,0.001,1433157863
1518,20150601,0.139,0.006,0.011,1433157864
1519,20150601,0.023,0.002,0.004,1433157865
1520,20150601,0.007,0.001,0.006,1433157866
1521,20150601,0.002,0.001,0.002,1433157867
1522,20150601,0.001,0.000,0.000,1433157868
1523,20150601,0.000,0.000,0.001,1433157869
1524,20150601,0.000,0.000,0.000,1433157870
1525,20150601,0.000,0.000,0.000,1433157871
1526,20150601,0.000,0.000,0.000,1433157872
1527,20150601,0.000,0.000,0.000,1433157873
1528,20150601,0.000,0.000,0.000,1433157874
1529,20150601,0.001,0.005,0.000,1433157875
1530,20150601,0.002,0.015,0.001,1433157876
1531,20150601,0.001,0.004,0.001,1433157877
1532,20150601,0.000,0.005,0.000,1433157878
1533,20150601,0.000,0.001,0.000,1433157879
1534,20150601,0.000,0.000,0.000,1433157880
1535,20150601,0.000,0.000,0.000,1433157881
1536,20150601,0.000,0.000,0.000,1433157882
1537,20150601,0.001,0.006,0.001,1433157883
1538,20150601,0.006,0.110,0.001,1433157884
1539,20150601,0.004,0.027,0.000,1433157885
1540,20150601,0.002,0.012,0.000,1433157886
1541,20150601,0.006,0.071,0.001,1433157887
1542,20150601,0.004,0.054,0.001,1433157888
1543,20150601,0.001,0.009,0.002,1433157889
1544,20150601,0.001,0.005,0.000,1433157890
1545,20150601,0.000,0.002,0.001,1433157891
1546,20150601,0.000,0.000,0.000,1433157892
1547,20150601,0.000,0.002,0.000,1433157893
1548,20150601,0.000,0.002,0.001,1433157894
1549,20150601,0.000,0.009,0.000,1433157895
1550,20150601,0.000,0.001,0.000,1433157896
1551,20150601,0.001,0.000,0.000,1433157897
1552,20150601,0.003,0.000,0.000,1433157898
1553,20150601,0.001,0.002,0.000,1433157899
1554,20150601,0.000,0.005,0.000,1433157900
1555,20150601,0.000,0.001,0.000,1433157901
1556,20150601,0.000,0.002,0.000,1433157902
1557,20150601,0.001,0.005,0.000,1433157903
1558,20150601,0.033,0.001,0.003,1433157904
1559,20150601,0.045,0.001,0.002,1433157905
1560,20150601,0.013,0.001,0.002,1433157906
1561,20150601,0.016,0.001,0.001,1433157907
1562,20150601,0.013,0.000,0.001,1433157908
1563,20150601,0.005,0.000,0.001,1433157909
1564,20150601,0.002,0.004,0.000,1433157910
1565,20150601,0.032,0.005,0.002,1433157911
1566,20150601,0.070,0.002,0.002,1433157912
1567,20150601,0.015,0.024,0.001,1433157913
1568,20150601,0.008,0.088,0.004,1433157914
1569,20150601,0.002,0.013,0.001,1433157915
1570,20150601,0.001,0.011,0.000,1433157916
1571,20150601,0.001,0.018,0.001,1433157917
1572,20150601,0.000,0.011,0.000,1433157918
1573,20150601,0.000,0.005,0.000,1433157919
1574,20150601,0.000,0.002,0.000,1433157920
1575,20150601,0.000,0.001,0.001,1433157921
1576,20150601,0.000,0.002,0.000,1433157922
1577,20150601,0.000,0.003,0.000,1433157923
1578,20150601,0.000,0.005,0.000,1433157924
1579,20150601,0.000,0.002,0.001,1433157925
1580,20150601,0.000,0.002,0.000,1433157926
1581,20150601,0.000,0.003,0.000,1433157927
1582,20150601,0.000,0.002,0.000,1433157928
1583,20150601,0.000,0.002,0.000,1433157929
1584,20150601,0.000,0.002,0.000,1433157930
1585,20150601,0.000,0.001,0.000,1433157931
1586,20150601,0.000,0.006,0.000,1433157932
1587,20150601,0.001,0.024,0.001,1433157933
1588,20150601,0.000,0.003,0.000,1433157934
1589,20150601,0.000,0.001,0.000,1433157935
1590,20150601,0.000,0.002,0.000,1433157936
1591,20150601,0.000,0.008,0.001,1433157937
1592,20150601,0.000,0.004,0.000,1433157938
1593,20150601,0.000,0.003,0.001,1433157939
1594,20150601,0.066,0.101,0.003,1433157940
1595,20150601,0.091,0.030,0.002,1433157941
1596,20150601,0.039,0.005,0.001,1433157942
1597,20150601,0.006,0.001,0.001,1433157943
1598,20150601,0.010,0.003,0.002,1433157944
1599,20150601,0.113,0.003,0.003,1433157945
1600,20150601,0.022,0.005,0.001,1433157946
1601,20150601,0.003,0.003,0.001,1433157947
1602,20150601,0.001,0.002,0.000,1433157948
1603,20150601,0.000,0.001,0.000,1433157949
1604,20150601,0.000,0.002,0.000,1433157950
1605,20150601,0.000,0.001,0.001,1433157951
1606,20150601,0.010,0.002,0.001,1433157952
1607,20150601,0.009,0.001,0.001,1433157953
1608,20150601,0.002,0.001,0.001,1433157954
1609,20150601,0.001,0.001,0.001,1433157955
1610,20150601,0.000,0.001,0.000,1433157956
1611,20150601,0.000,0.001,0.000,1433157957
1612,20150601,0.000,0.001,0.000,1433157958
1613,20150601,0.004,0.003,0.001,1433157959
1614,20150601,0.025,0.021,0.003,1433157960
1615,20150601,0.012,0.027,0.002,1433157961
1616,20150601,0.016,0.014,0.001,1433157962
1617,20150601,0.018,0.013,0.001,1433157963
1618,20150601,0.015,0.009,0.001,1433157964
1619,20150601,0.010,0.014,0.001,1433157965
1620,20150601,0.008,0.012,0.001,1433157966
1621,20150601,0.012,0.009,0.001,1433157967
1622,20150601,0.015,0.011,0.001,1433157968
1623,20150601,0.012,0.015,0.001,1433157969
1624,20150601,0.017,0.015,0.001,1433157970
1625,20150601,0.017,0.009,0.001,1433157971
1626,20150601,0.010,0.009,0.001,1433157972
1627,20150601,0.007,0.007,0.001,1433157973
1628,20150601,0.007,0.007,0.001,1433157974
1629,20150601,0.003,0.011,0.001,1433157975
1630,20150601,0.001,0.003,0.001,1433157976
1631,20150601,0.000,0.001,0.001,1433157977
1632,20150601,0.000,0.002,0.001,1433157978
1633,20150601,0.000,0.001,0.001,1433157979
1634,20150601,0.000,0.000,0.001,1433157980
1635,20150601,0.000,0.000,0.001,1433157981
1636,20150601,0.018,0.047,0.002,1433157982
1637,20150601,0.008,0.011,0.001,1433157983
1638,20150601,0.004,0.046,0.001,1433157984
1639,20150601,0.003,0.016,0.001,1433157985
1640,20150601,0.002,0.001,0.001,1433157986
1641,20150601,0.000,0.001,0.001,1433157987
1642,20150601,0.000,0.001,0.001,1433157988
1643,20150601,0.000,0.000,0.000,1433157989
1644,20150601,0.001,0.001,0.001,1433157990
1645,20150601,0.002,0.001,0.001,1433157991
1646,20150601,0.001,0.004,0.002,1433157992
1647,20150601,0.001,0.001,0.001,1433157993
1648,20150601,0.009,0.012,0.002,1433157994
1649,20150601,0.015,0.022,0.003,1433157995
1650,20150601,0.003,0.012,0.002,1433157996
1651,20150601,0.013,0.018,0.001,1433157997
1652,20150601,0.008,0.013,0.001,1433157998
1653,20150601,0.009,0.013,0.001,1433157999
1654,20150601,0.012,0.009,0.001,1433158000
1655,20150601,0.020,0.024,0.002,1433158001
1656,20150601,0.007,0.010,0.001,1433158002
1657,20150601,0.008,0.021,0.001,1433158003
1658,20150601,0.007,0.007,0.001,1433158004
1659,20150601,0.004,0.018,0.001,1433158005
1660,20150601,0.001,0.008,0.001,1433158006
1661,20150601,0.002,0.016,0.000,1433158007
1662,20150601,0.001,0.003,0.001,1433158008
1663,20150601,0.000,0.001,0.001,1433158009
1664,20150601,0.001,0.004,0.000,1433158010
1665,20150601,0.000,0.008,0.001,1433158011
1666,20150601,0.007,0.015,0.001,1433158012
1667,20150601,0.023,0.019,0.001,1433158013
1668,20150601,0.012,0.012,0.001,1433158014
1669,20150601,0.011,0.011,0.001,1433158015
1670,20150601,0.014,0.004,0.001,1433158016
1671,20150601,0.002,0.002,0.001,1433158017
1672,20150601,0.001,0.011,0.001,1433158018
1673,20150601,0.000,0.005,0.001,1433158019
1674,20150601,0.001,0.005,0.001,1433158020
1675,20150601,0.021,0.020,0.001,1433158021
1676,20150601,0.008,0.009,0.001,1433158022
1677,20150601,0.002,0.003,0.001,1433158023
1678,20150601,0.001,0.001,0.001,1433158024
1679,20150601,0.000,0.001,0.000,1433158025
1680,20150601,0.000,0.000,0.001,1433158026
1681,20150601,0.000,0.000,0.001,1433158027
1682,20150601,0.001,0.007,0.000,1433158028
1683,20150601,0.000,0.019,0.001,1433158029
1684,20150601,0.000,0.006,0.000,1433158030
1685,20150601,0.000,0.001,0.001,1433158031
1686,20150601,0.000,0.004,0.001,1433158032
1687,20150601,0.005,0.031,0.003,1433158033
1688,20150601,0.019,0.029,0.003,1433158034
1689,20150601,0.003,0.002,0.000,1433158035
1690,20150601,0.001,0.001,0.000,1433158036
1691,20150601,0.001,0.001,0.001,1433158037
1692,20150601,0.001,0.001,0.000,1433158038
1693,20150601,0.017,0.002,0.002,1433158039
1694,20150601,0.013,0.004,0.003,1433158040
1695,20150601,0.001,0.002,0.001,1433158041
1696,20150601,0.000,0.001,0.001,1433158042
1697,20150601,0.000,0.001,0.001,1433158043
1698,20150601,0.000,0.000,0.000,1433158044
1699,20150601,0.000,0.001,0.001,1433158045
1700,20150601,0.000,0.002,0.001,1433158046
1701,20150601,0.000,0.001,0.000,1433158047
1702,20150601,0.000,0.002,0.000,1433158048
1703,20150601,0.000,0.003,0.000,1433158049
1704,20150601,0.000,0.002,0.000,1433158050
1705,20150601,0.000,0.001,0.000,1433158051
1706,20150601,0.000,0.000,0.001,1433158052
1707,20150601,0.001,0.003,0.001,1433158053
1708,20150601,0.003,0.036,0.001,1433158054
1709,20150601,0.001,0.007,0.001,1433158055
1710,20150601,0.003,0.010,0.000,1433158056
1711,20150601,0.006,0.010,0.000,1433158057
1712,20150601,0.002,0.011,0.001,1433158058
1713,20150601,0.001,0.028,0.004,1433158059
1714,20150601,0.080,0.073,0.014,1433158060
1715,20150601,0.112,0.137,0.036,1433158061
1716,20150601,0.075,0.052,0.012,1433158062
1717,20150601,0.111,0.051,0.006,1433158063
1718,20150601,0.072,0.061,0.031,1433158064
1719,20150601,0.024,0.070,0.026,1433158065
1720,20150601,0.055,0.037,0.005,1433158066
1721,20150601,0.012,0.030,0.002,1433158067
1722,20150601,0.004,0.006,0.003,1433158068
1723,20150601,0.002,0.002,0.002,1433158069
1724,20150601,0.001,0.002,0.001,1433158070
1725,20150601,0.000,0.001,0.000,1433158071
1726,20150601,0.000,0.001,0.000,1433158072
1727,20150601,0.000,0.000,0.000,1433158073
1728,20150601,0.000,0.000,0.000,1433158074
1729,20150601,0.000,0.000,0.000,1433158075
1730,20150601,0.001,0.000,0.002,1433158076
1731,20150601,0.001,0.000,0.001,1433158077
1732,20150601,0.000,0.000,0.000,1433158078
1733,20150601,0.000,0.000,0.000,1433158079
1734,20150601,0.000,0.000,0.000,1433158080
1735,20150601,0.000,0.000,0.000,1433158081
1736,20150601,0.000,0.000,0.001,1433158082
1737,20150601,0.022,0.015,0.010,1433158083
1738,20150601,0.070,0.077,0.011,1433158084
1739,20150601,0.052,0.038,0.022,1433158085
1740,20150601,0.007,0.008,0.023,1433158086
1741,20150601,0.001,0.002,0.008,1433158087
1742,20150601,0.000,0.000,0.002,1433158088
1743,20150601,0.001,0.020,0.001,1433158089
1744,20150601,0.020,0.011,0.005,1433158090
1745,20150601,0.008,0.008,0.001,1433158091
1746,20150601,0.003,0.001,0.000,1433158092
1747,20150601,0.001,0.000,0.001,1433158093
1748,20150601,0.000,0.001,0.001,1433158094
1749,20150601,0.000,0.000,0.000,1433158095
1750,20150601,0.000,0.000,0.000,1433158096
1751,20150601,0.001,0.001,0.000,1433158097
1752,20150601,0.001,0.001,0.000,1433158098
1753,20150601,0.000,0.000,0.001,1433158099
1754,20150601,0.000,0.001,0.000,1433158100
1755,20150601,0.000,0.000,0.000,1433158101
1756,20150601,0.000,0.000,0.000,1433158102
1757,20150601,0.001,0.000,0.001,1433158103
1758,20150601,0.001,0.001,0.000,1433158104
1759,20150601,0.001,0.000,0.000,1433158105
1760,20150601,0.001,0.000,0.000,1433158106
1761,20150601,0.000,0.001,0.001,1433158107
1762,20150601,0.000,0.001,0.001,1433158108
1763,20150601,0.000,0.000,0.001,1433158109
1764,20150601,0.000,0.000,0.000,1433158110
1765,20150601,0.003,0.002,0.001,1433158111
1766,20150601,0.000,0.002,0.001,1433158112
1767,20150601,0.002,0.006,0.001,1433158113
1768,20150601,0.023,0.009,0.005,1433158114
1769,20150601,0.012,0.023,0.004,1433158115
1770,20150601,0.001,0.007,0.001,1433158116
1771,20150601,0.027,0.006,0.001,1433158117
1772,20150601,0.028,0.007,0.001,1433158118
1773,20150601,0.010,0.003,0.001,1433158119
1774,20150601,0.019,0.018,0.001,1433158120
1775,20150601,0.023,0.010,0.001,1433158121
1776,20150601,0.027,0.016,0.002,1433158122
1777,20150601,0.017,0.013,0.001,1433158123
1778,20150601,0.007,0.012,0.001,1433158124
1779,20150601,0.027,0.021,0.001,1433158125
1780,20150601,0.018,0.014,0.001,1433158126
1781,20150601,0.006,0.008,0.002,1433158127
1782,20150601,0.022,0.015,0.001,1433158128
1783,20150601,0.019,0.012,0.001,1433158129
1784,20150601,0.005,0.004,0.001,1433158130
1785,20150601,0.001,0.009,0.001,1433158131
1786,20150601,0.024,0.010,0.000,1433158132
1787,20150601,0.015,0.007,0.000,1433158133
1788,20150601,0.006,0.010,0.001,1433158134
1789,20150601,0.004,0.010,0.001,1433158135
1790,20150601,0.003,0.008,0.001,1433158136
1791,20150601,0.003,0.003,0.000,1433158137
1792,20150601,0.001,0.001,0.000,1433158138
1793,20150601,0.017,0.005,0.000,1433158139
1794,20150601,0.022,0.005,0.000,1433158140
1795,20150601,0.008,0.003,0.001,1433158141
1796,20150601,0.022,0.009,0.001,1433158142
1797,20150601,0.005,0.005,0.000,1433158143
1798,20150601,0.001,0.001,0.000,1433158144
1799,20150601,0.000,0.000,0.001,1433158145
1800,20150601,0.000,0.000,0.000,1433158146
1801,20150601,0.001,0.070,0.002,1433158147
1802,20150601,0.001,0.057,0.004,1433158148
1803,20150601,0.001,0.088,0.004,1433158149
1804,20150601,0.000,0.030,0.001,1433158150
1805,20150601,0.000,0.005,0.001,1433158151
1806,20150601,0.000,0.001,0.001,1433158152
1807,20150601,0.001,0.018,0.002,1433158153
1808,20150601,0.002,0.018,0.003,1433158154
1809,20150601,0.000,0.008,0.001,1433158155
1810,20150601,0.000,0.002,0.000,1433158156
1811,20150601,0.001,0.002,0.001,1433158157
1812,20150601,0.001,0.002,0.001,1433158158
1813,20150601,0.002,0.023,0.003,1433158159
1814,20150601,0.000,0.014,0.001,1433158160
1815,20150601,0.012,0.011,0.001,1433158161
1816,20150601,0.009,0.007,0.001,1433158162
1817,20150601,0.013,0.007,0.001,1433158163
1818,20150601,0.009,0.003,0.001,1433158164
1819,20150601,0.004,0.001,0.000,1433158165
1820,20150601,0.002,0.001,0.001,1433158166
1821,20150601,0.003,0.002,0.000,1433158167
1822,20150601,0.004,0.007,0.001,1433158168
1823,20150601,0.004,0.003,0.000,1433158169
1824,20150601,0.015,0.006,0.001,1433158170
1825,20150601,0.034,0.036,0.001,1433158171
1826,20150601,0.020,0.020,0.001,1433158172
1827,20150601,0.020,0.010,0.002,1433158173
1828,20150601,0.012,0.016,0.001,1433158174
1829,20150601,0.022,0.037,0.002,1433158175
1830,20150601,0.007,0.018,0.001,1433158176
1831,20150601,0.009,0.066,0.002,1433158177
1832,20150601,0.002,0.028,0.001,1433158178
1833,20150601,0.000,0.002,0.000,1433158179
1834,20150601,0.000,0.002,0.000,1433158180
1835,20150601,0.016,0.031,0.002,1433158181
1836,20150601,0.022,0.036,0.001,1433158182
1837,20150601,0.005,0.007,0.001,1433158183
1838,20150601,0.001,0.004,0.000,1433158184
1839,20150601,0.000,0.006,0.000,1433158185
1840,20150601,0.000,0.002,0.000,1433158186
1841,20150601,0.000,0.005,0.000,1433158187
1842,20150601,0.000,0.002,0.000,1433158188
1843,20150601,0.000,0.002,0.000,1433158189
1844,20150601,0.000,0.001,0.000,1433158190
1845,20150601,0.000,0.002,0.000,1433158191
1846,20150601,0.000,0.002,0.000,1433158192
1847,20150601,0.000,0.001,0.000,1433158193
1848,20150601,0.000,0.001,0.001,1433158194
1849,20150601,0.026,0.027,0.010,1433158195
1850,20150601,0.047,0.015,0.013,1433158196
1851,20150601,0.061,0.030,0.005,1433158197
1852,20150601,0.060,0.017,0.006,1433158198
1853,20150601,0.095,0.015,0.019,1433158199
1854,20150601,0.029,0.008,0.008,1433158200
1855,20150601,0.005,0.005,0.003,1433158201
1856,20150601,0.004,0.001,0.000,1433158202
1857,20150601,0.008,0.002,0.001,1433158203
1858,20150601,0.003,0.002,0.001,1433158204
1859,20150601,0.003,0.002,0.001,1433158205
1860,20150601,0.003,0.001,0.001,1433158206
1861,20150601,0.001,0.001,0.000,1433158207
1862,20150601,0.003,0.001,0.001,1433158208
1863,20150601,0.005,0.001,0.001,1433158209
1864,20150601,0.003,0.001,0.001,1433158210
1865,20150601,0.002,0.001,0.000,1433158211
1866,20150601,0.000,0.001,0.000,1433158212
1867,20150601,0.000,0.001,0.000,1433158213
1868,20150601,0.000,0.001,0.001,1433158214
1869,20150601,0.000,0.001,0.000,1433158215
1870,20150601,0.000,0.001,0.000,1433158216
1871,20150601,0.000,0.001,0.000,1433158217
1872,20150601,0.000,0.002,0.001,1433158218
1873,20150601,0.000,0.002,0.001,1433158219
1874,20150601,0.000,0.001,0.000,1433158220
1875,20150601,0.000,0.001,0.000,1433158221
1876,20150601,0.000,0.001,0.000,1433158222
1877,20150601,0.000,0.001,0.000,1433158223
1878,20150601,0.000,0.001,0.000,1433158224
1879,20150601,0.000,0.000,0.000,1433158225
1880,20150601,0.000,0.000,0.001,1433158226
1881,20150601,0.000,0.000,0.001,1433158227
1882,20150601,0.000,0.000,0.000,1433158228
1883,20150601,0.000,0.000,0.000,1433158229
1884,20150601,0.000,0.000,0.001,1433158230
1885,20150601,0.000,0.000,0.001,1433158231
1886,20150601,0.000,0.000,0.000,1433158232
1887,20150601,0.000,0.000,0.000,1433158233
1888,20150601,0.000,0.000,0.001,1433158234
1889,20150601,0.000,0.001,0.001,1433158235
1890,20150601,0.002,0.007,0.002,1433158236
1891,20150601,0.032,0.037,0.025,1433158237
1892,20150601,0.091,0.052,0.026,1433158238
1893,20150601,0.055,0.078,0.027,1433158239
1894,20150601,0.036,0.056,0.027,1433158240
1895,20150601,0.020,0.042,0.029,1433158241
1896,20150601,0.029,0.045,0.042,1433158242
1897,20150601,0.088,0.107,0.114,1433158243
1898,20150601,0.014,0.043,0.034,1433158244
1899,20150601,0.002,0.005,0.013,1433158245
1900,20150601,0.001,0.001,0.002,1433158246
1901,20150601,0.001,0.000,0.001,1433158247
1902,20150601,0.006,0.011,0.006,1433158248
1903,20150601,0.033,0.036,0.038,1433158249
1904,20150601,0.110,0.094,0.036,1433158250
1905,20150601,0.039,0.048,0.006,1433158251
1906,20150601,0.006,0.010,0.001,1433158252
1907,20150601,0.001,0.001,0.000,1433158253
1908,20150601,0.001,0.000,0.000,1433158254
1909,20150601,0.002,0.069,0.000,1433158255
1910,20150601,0.000,0.060,0.000,1433158256
1911,20150601,0.000,0.019,0.000,1433158257
1912,20150601,0.000,0.028,0.000,1433158258
1913,20150601,0.001,0.029,0.000,1433158259
1914,20150601,0.001,0.026,0.000,1433158260
1915,20150601,0.009,0.099,0.000,1433158261
1916,20150601,0.007,0.038,0.000,1433158262
1917,20150601,0.003,0.018,0.000,1433158263
1918,20150601,0.001,0.003,0.000,1433158264
1919,20150601,0.000,0.003,0.000,1433158265
1920,20150601,0.002,0.030,0.000,1433158266
1921,20150601,0.001,0.003,0.000,1433158267
1922,20150601,0.000,0.007,0.000,1433158268
1923,20150601,0.001,0.002,0.000,1433158269
1924,20150601,0.002,0.002,0.000,1433158270
1925,20150601,0.001,0.004,0.000,1433158271
1926,20150601,0.000,0.001,0.000,1433158272
1927,20150601,0.000,0.003,0.000,1433158273
1928,20150601,0.000,0.002,0.000,1433158274
1929,20150601,0.000,0.001,0.000,1433158275
1930,20150601,0.000,0.000,0.000,1433158276
1931,20150601,-1.000,-1.000,-1.000,1433158277
1932,20150601,-1.000,-1.000,-1.000,1433158278
1933,20150601,-1.000,-1.000,-1.000,1433158279
1934,20150601,0.000,0.002,0.000,1433158280
1935,20150601,0.000,0.003,0.000,1433158281
1936,20150601,0.000,0.002,0.000,1433158282
1937,20150601,-1.000,-1.000,-1.000,1433158283
1938,20150601,-1.000,-1.000,-1.000,1433158284
1939,20150601,-1.000,-1.000,-1.000,1433158285
1940,20150601,-1.000,-1.000,0.000,1433158286
