index,session,leftEnergy,rightEnergy,phoneEnergy,time
1,20150601,-1.000,-1.000,0.124,1433169362
2,20150601,-1.000,-1.000,0.055,1433169363
3,20150601,-1.000,-1.000,0.011,1433169364
4,20150601,-1.000,-1.000,0.003,1433169365
5,20150601,0.122,0.114,0.005,1433169366
6,20150601,0.032,0.061,0.001,1433169367
7,20150601,0.007,0.026,0.007,1433169368
8,20150601,0.003,0.007,0.003,1433169369
9,20150601,0.001,0.005,0.002,1433169370
10,20150601,0.001,0.005,0.002,1433169371
11,20150601,0.004,0.092,0.005,1433169372
12,20150601,0.002,0.029,0.002,1433169373
13,20150601,0.001,0.012,0.002,1433169374
14,20150601,0.001,0.002,0.001,1433169375
15,20150601,0.001,0.003,0.002,1433169376
16,20150601,0.011,0.051,0.037,1433169377
17,20150601,0.132,0.068,0.089,1433169378
18,20150601,0.077,0.039,0.070,1433169379
19,20150601,0.076,0.059,0.085,1433169380
20,20150601,0.034,0.065,0.085,1433169381
21,20150601,0.015,0.063,0.065,1433169382
22,20150601,0.015,0.039,0.062,1433169383
23,20150601,0.012,0.047,0.032,1433169384
24,20150601,0.011,0.037,0.025,1433169385
25,20150601,0.019,0.058,0.039,1433169386
26,20150601,0.053,0.071,0.078,1433169387
27,20150601,0.082,0.056,0.079,1433169388
28,20150601,0.061,0.044,0.030,1433169389
29,20150601,0.025,0.059,0.067,1433169390
30,20150601,0.070,0.075,0.054,1433169391
31,20150601,0.097,0.121,0.030,1433169392
32,20150601,0.066,0.128,0.017,1433169393
33,20150601,0.005,0.020,0.003,1433169394
34,20150601,0.002,0.005,0.001,1433169395
35,20150601,0.001,0.002,0.001,1433169396
36,20150601,0.003,0.002,0.000,1433169397
37,20150601,0.006,0.004,0.000,1433169398
38,20150601,0.001,0.001,0.000,1433169399
39,20150601,0.000,0.000,0.000,1433169400
40,20150601,0.003,0.007,0.003,1433169401
41,20150601,0.051,0.060,0.022,1433169402
42,20150601,0.108,0.100,0.052,1433169403
43,20150601,0.060,0.047,0.020,1433169404
44,20150601,0.104,0.103,0.044,1433169405
45,20150601,0.057,0.110,0.031,1433169406
46,20150601,0.089,0.034,0.053,1433169407
47,20150601,0.094,0.062,0.040,1433169408
48,20150601,0.065,0.086,0.040,1433169409
49,20150601,0.121,0.067,0.044,1433169410
50,20150601,0.068,0.092,0.064,1433169411
51,20150601,0.104,0.058,0.064,1433169412
52,20150601,0.097,0.082,0.117,1433169413
53,20150601,0.092,0.149,0.088,1433169414
54,20150601,0.050,0.138,0.024,1433169415
55,20150601,0.076,0.160,0.035,1433169416
56,20150601,0.115,0.186,0.039,1433169417
57,20150601,0.071,0.068,0.030,1433169418
58,20150601,0.022,0.031,0.007,1433169419
59,20150601,0.036,0.084,0.007,1433169420
60,20150601,0.043,0.051,0.042,1433169421
61,20150601,0.013,0.016,0.009,1433169422
62,20150601,0.003,0.002,0.004,1433169423
63,20150601,0.001,0.001,0.001,1433169424
64,20150601,0.001,0.001,0.000,1433169425
65,20150601,0.001,0.001,0.000,1433169426
66,20150601,0.000,0.000,0.000,1433169427
67,20150601,0.000,0.001,0.001,1433169428
68,20150601,0.000,0.000,0.001,1433169429
69,20150601,0.001,0.001,0.001,1433169430
70,20150601,0.000,0.001,0.001,1433169431
71,20150601,0.001,0.003,0.004,1433169432
72,20150601,0.001,0.002,0.006,1433169433
73,20150601,0.001,0.001,0.002,1433169434
74,20150601,0.001,0.001,0.001,1433169435
75,20150601,0.002,0.002,0.001,1433169436
76,20150601,0.002,0.002,0.002,1433169437
77,20150601,0.002,0.002,0.002,1433169438
78,20150601,0.002,0.003,0.006,1433169439
79,20150601,0.001,0.001,0.003,1433169440
80,20150601,0.000,0.001,0.002,1433169441
81,20150601,0.000,0.001,0.001,1433169442
82,20150601,0.001,0.001,0.001,1433169443
83,20150601,0.002,0.001,0.005,1433169444
84,20150601,0.003,0.003,0.005,1433169445
85,20150601,0.001,0.002,0.006,1433169446
86,20150601,0.001,0.001,0.002,1433169447
87,20150601,0.001,0.001,0.003,1433169448
88,20150601,0.001,0.001,0.003,1433169449
89,20150601,0.002,0.006,0.002,1433169450
90,20150601,0.008,0.019,0.003,1433169451
91,20150601,0.009,0.016,0.002,1433169452
92,20150601,0.002,0.004,0.002,1433169453
93,20150601,0.001,0.002,0.001,1433169454
94,20150601,0.000,0.001,0.001,1433169455
95,20150601,0.000,0.001,0.001,1433169456
96,20150601,0.000,0.001,0.001,1433169457
97,20150601,0.000,0.002,0.003,1433169458
98,20150601,0.000,0.001,0.001,1433169459
99,20150601,0.000,0.001,0.001,1433169460
100,20150601,0.000,0.001,0.000,1433169461
101,20150601,0.000,0.001,0.001,1433169462
102,20150601,0.000,0.000,0.001,1433169463
103,20150601,0.000,0.000,0.001,1433169464
104,20150601,0.000,0.001,0.001,1433169465
105,20150601,0.000,0.001,0.002,1433169466
106,20150601,0.000,0.001,0.001,1433169467
107,20150601,0.000,0.001,0.001,1433169468
108,20150601,0.030,0.040,0.001,1433169469
109,20150601,0.054,0.026,0.001,1433169470
110,20150601,0.046,0.049,0.001,1433169471
111,20150601,0.036,0.010,0.000,1433169472
112,20150601,0.004,0.009,0.000,1433169473
113,20150601,0.001,0.002,0.000,1433169474
114,20150601,0.001,0.001,0.001,1433169475
115,20150601,0.000,0.000,0.000,1433169476
116,20150601,0.000,0.001,0.001,1433169477
117,20150601,0.000,0.001,0.000,1433169478
118,20150601,0.000,0.001,0.000,1433169479
119,20150601,0.000,0.001,0.001,1433169480
120,20150601,0.000,0.001,0.000,1433169481
121,20150601,0.000,0.001,0.001,1433169482
122,20150601,0.002,0.012,0.001,1433169483
123,20150601,0.005,0.005,0.001,1433169484
124,20150601,0.003,0.002,0.001,1433169485
125,20150601,0.001,0.002,0.000,1433169486
126,20150601,0.001,0.002,0.001,1433169487
127,20150601,0.001,0.001,0.001,1433169488
128,20150601,0.001,0.001,0.001,1433169489
129,20150601,0.002,0.002,0.002,1433169490
130,20150601,0.001,0.001,0.001,1433169491
131,20150601,0.001,0.001,0.000,1433169492
132,20150601,0.000,0.001,0.001,1433169493
133,20150601,0.000,0.000,0.000,1433169494
134,20150601,0.001,0.001,0.001,1433169495
135,20150601,0.001,0.000,0.000,1433169496
136,20150601,0.001,0.001,0.000,1433169497
137,20150601,0.000,0.001,0.001,1433169498
138,20150601,0.000,0.001,0.002,1433169499
139,20150601,0.000,0.001,0.001,1433169500
140,20150601,0.001,0.001,0.001,1433169501
141,20150601,0.001,0.000,0.001,1433169502
142,20150601,0.001,0.001,0.001,1433169503
143,20150601,0.001,0.000,0.000,1433169504
144,20150601,0.000,0.000,0.000,1433169505
145,20150601,0.000,0.000,0.000,1433169506
146,20150601,0.000,0.000,0.000,1433169507
147,20150601,0.001,0.001,0.000,1433169508
148,20150601,0.002,0.001,0.002,1433169509
149,20150601,0.001,0.001,0.001,1433169510
150,20150601,0.000,0.000,0.001,1433169511
151,20150601,0.000,0.000,0.000,1433169512
152,20150601,0.000,0.000,0.001,1433169513
153,20150601,0.000,0.000,0.001,1433169514
154,20150601,0.001,0.000,0.000,1433169515
155,20150601,0.001,0.000,0.000,1433169516
156,20150601,0.001,0.000,0.000,1433169517
157,20150601,0.001,0.001,0.000,1433169518
158,20150601,0.002,0.002,0.001,1433169519
159,20150601,0.001,0.001,0.000,1433169520
160,20150601,0.000,0.001,0.000,1433169521
161,20150601,0.000,0.001,0.001,1433169522
162,20150601,0.001,0.003,0.004,1433169523
163,20150601,0.000,0.001,0.001,1433169524
164,20150601,0.000,0.000,0.001,1433169525
165,20150601,0.000,0.000,0.001,1433169526
166,20150601,0.000,0.000,0.001,1433169527
167,20150601,0.000,0.000,0.001,1433169528
168,20150601,0.000,0.001,0.001,1433169529
169,20150601,0.000,0.001,0.001,1433169530
170,20150601,0.000,0.000,0.000,1433169531
171,20150601,0.000,0.001,0.001,1433169532
172,20150601,0.000,0.001,0.001,1433169533
173,20150601,0.000,0.000,0.001,1433169534
174,20150601,0.000,0.000,0.001,1433169535
175,20150601,0.000,0.001,0.001,1433169536
176,20150601,0.000,0.001,0.001,1433169537
177,20150601,0.001,0.003,0.001,1433169538
178,20150601,0.000,0.001,0.000,1433169539
179,20150601,0.000,0.001,0.001,1433169540
180,20150601,0.000,0.001,0.000,1433169541
181,20150601,0.000,0.001,0.001,1433169542
182,20150601,0.000,0.001,0.001,1433169543
183,20150601,0.000,0.000,0.001,1433169544
184,20150601,0.000,0.000,0.000,1433169545
185,20150601,0.000,0.000,0.000,1433169546
186,20150601,0.000,0.000,0.000,1433169547
187,20150601,0.000,0.000,0.001,1433169548
188,20150601,0.000,0.000,0.000,1433169549
189,20150601,0.000,0.000,0.000,1433169550
190,20150601,0.000,0.000,0.000,1433169551
191,20150601,0.000,0.001,0.001,1433169552
192,20150601,0.000,0.000,0.001,1433169553
193,20150601,0.000,0.000,0.000,1433169554
194,20150601,0.000,0.000,0.000,1433169555
195,20150601,0.000,0.000,0.000,1433169556
196,20150601,0.000,0.000,0.000,1433169557
197,20150601,0.000,0.000,0.000,1433169558
198,20150601,0.000,0.000,0.000,1433169559
199,20150601,0.000,0.001,0.000,1433169560
200,20150601,0.000,0.000,0.000,1433169561
201,20150601,0.000,0.001,0.000,1433169562
202,20150601,0.000,0.001,0.002,1433169563
203,20150601,0.000,0.000,0.002,1433169564
204,20150601,0.000,0.001,0.001,1433169565
205,20150601,0.000,0.000,0.001,1433169566
206,20150601,0.000,0.000,0.002,1433169567
207,20150601,0.000,0.000,0.000,1433169568
208,20150601,0.001,0.000,0.000,1433169569
209,20150601,0.000,0.001,0.000,1433169570
210,20150601,0.000,0.000,0.000,1433169571
211,20150601,0.000,0.000,0.000,1433169572
212,20150601,0.000,0.000,0.000,1433169573
213,20150601,0.000,0.001,0.001,1433169574
214,20150601,0.000,0.000,0.001,1433169575
215,20150601,0.000,0.000,0.000,1433169576
216,20150601,0.000,0.000,0.000,1433169577
217,20150601,0.000,0.000,0.000,1433169578
218,20150601,0.000,0.000,0.000,1433169579
219,20150601,0.000,0.000,0.000,1433169580
220,20150601,0.000,0.000,0.000,1433169581
221,20150601,0.000,0.000,0.000,1433169582
222,20150601,0.000,0.000,0.000,1433169583
223,20150601,0.000,0.000,0.000,1433169584
224,20150601,0.001,0.000,0.000,1433169585
225,20150601,0.002,0.001,0.001,1433169586
226,20150601,0.001,0.001,0.001,1433169587
227,20150601,0.002,0.000,0.000,1433169588
228,20150601,0.001,0.000,0.001,1433169589
229,20150601,0.001,0.001,0.000,1433169590
230,20150601,0.001,0.001,0.000,1433169591
231,20150601,0.001,0.000,0.000,1433169592
232,20150601,0.000,0.000,0.000,1433169593
233,20150601,0.000,0.000,0.000,1433169594
234,20150601,0.000,0.000,0.000,1433169595
235,20150601,0.000,0.000,0.000,1433169596
236,20150601,0.000,0.000,0.000,1433169597
237,20150601,0.000,0.000,0.000,1433169598
238,20150601,0.000,0.001,0.000,1433169599
239,20150601,0.000,0.000,0.000,1433169600
240,20150601,0.000,0.000,0.000,1433169601
241,20150601,0.000,0.000,0.000,1433169602
242,20150601,0.000,0.000,0.001,1433169603
243,20150601,0.000,0.000,0.001,1433169604
244,20150601,0.000,0.000,0.001,1433169605
245,20150601,0.001,0.009,0.000,1433169606
246,20150601,0.031,0.040,0.001,1433169607
247,20150601,0.008,0.009,0.000,1433169608
248,20150601,0.001,0.002,0.000,1433169609
249,20150601,0.001,0.001,0.000,1433169610
250,20150601,0.001,0.001,0.001,1433169611
251,20150601,0.000,0.000,0.000,1433169612
252,20150601,0.000,0.001,0.001,1433169613
253,20150601,0.000,0.000,0.001,1433169614
254,20150601,0.000,0.000,0.001,1433169615
255,20150601,0.000,0.002,0.001,1433169616
256,20150601,0.001,0.011,0.000,1433169617
257,20150601,0.001,0.008,0.001,1433169618
258,20150601,0.009,0.020,0.000,1433169619
259,20150601,0.002,0.008,0.000,1433169620
260,20150601,0.000,0.002,0.001,1433169621
261,20150601,0.000,0.000,0.000,1433169622
262,20150601,0.000,0.000,0.001,1433169623
263,20150601,0.000,0.000,0.001,1433169624
264,20150601,0.000,0.000,0.000,1433169625
265,20150601,0.000,0.000,0.001,1433169626
266,20150601,0.000,0.000,0.000,1433169627
267,20150601,0.000,0.000,0.001,1433169628
268,20150601,0.001,0.000,0.001,1433169629
269,20150601,0.001,0.000,0.000,1433169630
270,20150601,0.001,0.001,0.001,1433169631
271,20150601,0.001,0.001,0.000,1433169632
272,20150601,0.001,0.001,0.000,1433169633
273,20150601,0.000,0.000,0.001,1433169634
274,20150601,0.000,0.000,0.000,1433169635
275,20150601,0.000,0.000,0.000,1433169636
276,20150601,0.000,0.000,0.001,1433169637
277,20150601,0.000,0.000,0.000,1433169638
278,20150601,0.000,0.000,0.000,1433169639
279,20150601,0.000,0.001,0.000,1433169640
280,20150601,0.000,0.001,0.000,1433169641
281,20150601,0.000,0.000,0.000,1433169642
282,20150601,0.000,0.000,0.001,1433169643
283,20150601,0.000,0.000,0.000,1433169644
284,20150601,0.000,0.000,0.000,1433169645
285,20150601,0.000,0.000,0.000,1433169646
286,20150601,0.000,0.000,0.000,1433169647
287,20150601,0.000,0.000,0.000,1433169648
288,20150601,0.000,0.000,0.000,1433169649
289,20150601,0.000,0.000,0.000,1433169650
290,20150601,0.000,0.000,0.000,1433169651
291,20150601,0.000,0.000,0.000,1433169652
292,20150601,0.000,0.000,0.000,1433169653
293,20150601,0.000,0.000,0.001,1433169654
294,20150601,0.000,0.000,0.001,1433169655
295,20150601,0.000,0.000,0.001,1433169656
296,20150601,0.000,0.000,0.001,1433169657
297,20150601,0.000,0.000,0.000,1433169658
298,20150601,0.000,0.000,0.000,1433169659
299,20150601,0.000,0.000,0.001,1433169660
300,20150601,0.000,0.000,0.000,1433169661
301,20150601,0.000,0.000,0.000,1433169662
302,20150601,0.000,0.000,0.001,1433169663
303,20150601,0.000,0.000,0.000,1433169664
304,20150601,0.000,0.000,0.000,1433169665
305,20150601,0.000,0.000,0.001,1433169666
306,20150601,0.000,0.000,0.000,1433169667
307,20150601,0.000,0.000,0.001,1433169668
308,20150601,0.000,0.000,0.001,1433169669
309,20150601,0.000,0.000,0.000,1433169670
310,20150601,0.000,0.000,0.000,1433169671
311,20150601,0.000,0.000,0.000,1433169672
312,20150601,0.000,0.000,0.000,1433169673
313,20150601,0.000,0.000,0.001,1433169674
314,20150601,0.000,0.000,0.000,1433169675
315,20150601,0.000,0.000,0.001,1433169676
316,20150601,0.000,0.000,0.000,1433169677
317,20150601,0.000,0.000,0.000,1433169678
318,20150601,0.000,0.000,0.001,1433169679
319,20150601,0.000,0.000,0.000,1433169680
320,20150601,0.000,0.000,0.000,1433169681
321,20150601,0.000,0.000,0.000,1433169682
322,20150601,0.000,0.000,0.000,1433169683
323,20150601,0.000,0.000,0.000,1433169684
324,20150601,0.000,0.000,0.000,1433169685
325,20150601,0.000,0.000,0.000,1433169686
326,20150601,0.000,0.000,0.000,1433169687
327,20150601,0.000,0.000,0.000,1433169688
328,20150601,0.000,0.000,0.001,1433169689
329,20150601,0.000,0.000,0.000,1433169690
330,20150601,0.000,0.000,0.000,1433169691
331,20150601,0.000,0.000,0.000,1433169692
332,20150601,0.000,0.000,0.000,1433169693
333,20150601,0.000,0.000,0.001,1433169694
334,20150601,0.000,0.000,0.001,1433169695
335,20150601,0.000,0.000,0.001,1433169696
336,20150601,0.000,0.000,0.000,1433169697
337,20150601,0.000,0.000,0.000,1433169698
338,20150601,0.000,0.000,0.000,1433169699
339,20150601,0.000,0.000,0.000,1433169700
340,20150601,0.000,0.000,0.000,1433169701
341,20150601,0.000,0.000,0.000,1433169702
342,20150601,0.000,0.000,0.000,1433169703
343,20150601,0.000,0.000,0.000,1433169704
344,20150601,0.000,0.000,0.000,1433169705
345,20150601,0.000,0.000,0.000,1433169706
346,20150601,0.000,0.000,0.000,1433169707
347,20150601,0.000,0.000,0.000,1433169708
348,20150601,0.000,0.000,0.000,1433169709
349,20150601,0.000,0.000,0.000,1433169710
350,20150601,0.000,0.000,0.000,1433169711
351,20150601,0.000,0.000,0.000,1433169712
352,20150601,0.000,0.000,0.000,1433169713
353,20150601,0.000,0.000,0.000,1433169714
354,20150601,0.000,0.000,0.000,1433169715
355,20150601,0.000,0.000,0.000,1433169716
356,20150601,0.000,0.000,0.000,1433169717
357,20150601,0.000,0.000,0.000,1433169718
358,20150601,0.000,0.000,0.000,1433169719
359,20150601,0.000,0.000,0.000,1433169720
360,20150601,0.000,0.000,0.000,1433169721
361,20150601,0.000,0.000,0.000,1433169722
362,20150601,0.000,0.000,0.000,1433169723
363,20150601,0.000,0.000,0.000,1433169724
364,20150601,0.000,0.000,0.000,1433169725
365,20150601,0.000,0.000,0.000,1433169726
366,20150601,0.000,0.000,0.000,1433169727
367,20150601,0.000,0.000,0.000,1433169728
368,20150601,0.000,0.000,0.000,1433169729
369,20150601,0.000,0.000,0.000,1433169730
370,20150601,0.000,0.000,0.000,1433169731
371,20150601,0.000,0.000,0.000,1433169732
372,20150601,0.000,0.000,0.000,1433169733
373,20150601,0.000,0.000,0.000,1433169734
374,20150601,0.000,0.000,0.000,1433169735
375,20150601,0.000,0.000,0.000,1433169736
376,20150601,0.000,0.000,0.000,1433169737
377,20150601,0.000,0.000,0.000,1433169738
378,20150601,0.000,0.000,0.000,1433169739
379,20150601,0.000,0.000,0.000,1433169740
380,20150601,0.000,0.000,0.000,1433169741
381,20150601,0.000,0.000,0.000,1433169742
382,20150601,0.000,0.000,0.000,1433169743
383,20150601,0.004,0.018,0.008,1433169744
384,20150601,0.016,0.058,0.022,1433169745
385,20150601,0.034,0.027,0.023,1433169746
386,20150601,0.012,0.004,0.017,1433169747
387,20150601,0.001,0.001,0.008,1433169748
388,20150601,0.000,0.001,0.002,1433169749
389,20150601,0.000,0.000,0.000,1433169750
390,20150601,0.000,0.000,0.000,1433169751
391,20150601,0.000,0.000,0.000,1433169752
392,20150601,0.000,0.000,0.000,1433169753
393,20150601,0.000,0.000,0.000,1433169754
394,20150601,0.000,0.000,0.000,1433169755
395,20150601,0.000,0.000,0.000,1433169756
396,20150601,0.000,0.000,0.000,1433169757
397,20150601,0.000,0.000,0.000,1433169758
398,20150601,0.000,0.000,0.000,1433169759
399,20150601,0.000,0.000,0.000,1433169760
400,20150601,0.000,0.000,0.000,1433169761
401,20150601,0.000,0.000,0.000,1433169762
402,20150601,0.000,0.000,0.000,1433169763
403,20150601,0.000,0.000,0.000,1433169764
404,20150601,0.000,0.000,0.000,1433169765
405,20150601,0.000,0.000,0.000,1433169766
406,20150601,0.000,0.000,0.000,1433169767
407,20150601,0.000,0.000,0.000,1433169768
408,20150601,0.000,0.000,0.000,1433169769
409,20150601,0.000,0.000,0.000,1433169770
410,20150601,0.000,0.000,0.000,1433169771
411,20150601,0.000,0.000,0.000,1433169772
412,20150601,0.000,0.000,0.000,1433169773
413,20150601,0.000,0.000,0.000,1433169774
414,20150601,0.000,0.000,0.000,1433169775
415,20150601,0.000,0.000,0.000,1433169776
416,20150601,0.000,0.000,0.000,1433169777
417,20150601,0.000,0.000,0.000,1433169778
418,20150601,0.000,0.000,0.000,1433169779
419,20150601,0.000,0.000,0.000,1433169780
420,20150601,0.000,0.000,0.000,1433169781
421,20150601,0.000,0.000,0.000,1433169782
422,20150601,0.000,0.000,0.000,1433169783
423,20150601,0.000,0.000,0.000,1433169784
424,20150601,0.000,0.000,0.000,1433169785
425,20150601,0.000,0.000,0.000,1433169786
426,20150601,0.000,0.000,0.000,1433169787
427,20150601,0.000,0.000,0.000,1433169788
428,20150601,0.000,0.000,0.000,1433169789
429,20150601,0.000,0.000,0.000,1433169790
430,20150601,0.000,0.000,0.000,1433169791
431,20150601,0.000,0.000,0.000,1433169792
432,20150601,0.000,0.000,0.000,1433169793
433,20150601,0.000,0.000,0.000,1433169794
434,20150601,0.000,0.000,0.000,1433169795
435,20150601,0.000,0.000,0.000,1433169796
436,20150601,0.000,0.000,0.000,1433169797
437,20150601,0.000,0.000,0.001,1433169798
438,20150601,0.000,0.000,0.000,1433169799
439,20150601,0.000,0.000,0.000,1433169800
440,20150601,0.000,0.000,0.001,1433169801
441,20150601,0.000,0.000,0.000,1433169802
442,20150601,0.000,0.000,0.000,1433169803
443,20150601,0.000,0.000,0.000,1433169804
444,20150601,0.000,0.000,0.000,1433169805
445,20150601,0.000,0.000,0.000,1433169806
446,20150601,0.000,0.000,0.001,1433169807
447,20150601,0.000,0.000,0.000,1433169808
448,20150601,0.000,0.000,0.000,1433169809
449,20150601,0.000,0.000,0.000,1433169810
450,20150601,0.000,0.000,0.000,1433169811
451,20150601,0.000,0.000,0.000,1433169812
452,20150601,0.000,0.000,0.000,1433169813
453,20150601,0.000,0.000,0.000,1433169814
454,20150601,0.000,0.000,0.000,1433169815
455,20150601,0.000,0.000,0.000,1433169816
456,20150601,0.000,0.000,0.000,1433169817
457,20150601,0.000,0.000,0.000,1433169818
458,20150601,0.000,0.000,0.000,1433169819
459,20150601,0.000,0.000,0.000,1433169820
460,20150601,0.000,0.000,0.000,1433169821
461,20150601,0.000,0.000,0.000,1433169822
462,20150601,0.000,0.000,0.000,1433169823
463,20150601,0.000,0.000,0.000,1433169824
464,20150601,0.000,0.000,0.000,1433169825
465,20150601,0.000,0.000,0.000,1433169826
466,20150601,0.000,0.000,0.000,1433169827
467,20150601,0.000,0.000,0.000,1433169828
468,20150601,0.002,0.000,0.000,1433169829
469,20150601,0.002,0.000,0.000,1433169830
470,20150601,0.001,0.000,0.000,1433169831
471,20150601,0.001,0.000,0.000,1433169832
472,20150601,0.001,0.000,0.000,1433169833
473,20150601,0.001,0.000,0.000,1433169834
474,20150601,0.001,0.000,0.000,1433169835
475,20150601,0.001,0.000,0.000,1433169836
476,20150601,0.000,0.000,0.000,1433169837
477,20150601,0.001,0.000,0.000,1433169838
478,20150601,0.001,0.000,0.000,1433169839
479,20150601,0.000,0.000,0.000,1433169840
480,20150601,0.000,0.000,0.000,1433169841
481,20150601,0.000,0.000,0.000,1433169842
482,20150601,0.000,0.000,0.000,1433169843
483,20150601,0.000,0.000,0.000,1433169844
484,20150601,0.000,0.000,0.000,1433169845
485,20150601,0.000,0.000,0.000,1433169846
486,20150601,0.000,0.000,0.000,1433169847
487,20150601,0.000,0.000,0.000,1433169848
488,20150601,0.001,0.000,0.000,1433169849
489,20150601,0.001,0.000,0.000,1433169850
490,20150601,0.000,0.000,0.000,1433169851
491,20150601,0.000,0.000,0.000,1433169852
492,20150601,0.000,0.000,0.000,1433169853
493,20150601,0.000,0.000,0.000,1433169854
494,20150601,0.000,0.000,0.000,1433169855
495,20150601,0.000,0.000,0.000,1433169856
496,20150601,0.000,0.000,0.000,1433169857
497,20150601,0.000,0.000,0.000,1433169858
498,20150601,0.000,0.000,0.000,1433169859
499,20150601,0.000,0.000,0.000,1433169860
500,20150601,0.000,0.000,0.000,1433169861
501,20150601,0.000,0.000,0.000,1433169862
502,20150601,0.000,0.000,0.000,1433169863
503,20150601,0.000,0.000,0.000,1433169864
504,20150601,0.000,0.000,0.000,1433169865
505,20150601,0.000,0.000,0.000,1433169866
506,20150601,0.000,0.000,0.000,1433169867
507,20150601,0.000,0.000,0.000,1433169868
508,20150601,0.000,0.000,0.000,1433169869
509,20150601,0.000,0.000,0.000,1433169870
510,20150601,0.000,0.000,0.000,1433169871
511,20150601,0.000,0.000,0.000,1433169872
512,20150601,0.000,0.000,0.000,1433169873
513,20150601,0.000,0.000,0.000,1433169874
514,20150601,0.000,0.000,0.000,1433169875
515,20150601,0.000,0.000,0.000,1433169876
516,20150601,0.000,0.000,0.000,1433169877
517,20150601,0.000,0.000,0.000,1433169878
518,20150601,0.000,0.000,0.000,1433169879
519,20150601,0.000,0.000,0.000,1433169880
520,20150601,0.000,0.000,0.000,1433169881
521,20150601,0.000,0.000,0.000,1433169882
522,20150601,0.000,0.000,0.000,1433169883
523,20150601,0.000,0.000,0.000,1433169884
524,20150601,0.000,0.000,0.000,1433169885
525,20150601,0.000,0.000,0.000,1433169886
526,20150601,0.000,0.000,0.000,1433169887
527,20150601,0.000,0.000,0.000,1433169888
528,20150601,0.000,0.000,0.000,1433169889
529,20150601,0.000,0.000,0.000,1433169890
530,20150601,0.000,0.000,0.000,1433169891
531,20150601,0.000,0.000,0.000,1433169892
532,20150601,0.000,0.000,0.000,1433169893
533,20150601,0.000,0.000,0.000,1433169894
534,20150601,0.000,0.000,0.001,1433169895
535,20150601,0.000,0.000,0.000,1433169896
536,20150601,0.000,0.000,0.000,1433169897
537,20150601,0.000,0.000,0.000,1433169898
538,20150601,0.000,0.000,0.000,1433169899
539,20150601,0.000,0.000,0.000,1433169900
540,20150601,0.000,0.000,0.001,1433169901
541,20150601,0.000,0.000,0.000,1433169902
542,20150601,0.000,0.000,0.000,1433169903
543,20150601,0.000,0.000,0.000,1433169904
544,20150601,0.000,0.000,0.000,1433169905
545,20150601,0.000,0.000,0.000,1433169906
546,20150601,0.000,0.000,0.000,1433169907
547,20150601,0.000,0.000,0.000,1433169908
548,20150601,0.000,0.000,0.000,1433169909
549,20150601,0.000,0.000,0.000,1433169910
550,20150601,0.000,0.000,0.000,1433169911
551,20150601,0.000,0.000,0.000,1433169912
552,20150601,0.000,0.000,0.000,1433169913
553,20150601,0.000,0.000,0.000,1433169914
554,20150601,0.000,0.000,0.000,1433169915
555,20150601,0.000,0.000,0.000,1433169916
556,20150601,0.000,0.000,0.000,1433169917
557,20150601,0.000,0.000,0.000,1433169918
558,20150601,0.000,0.000,0.000,1433169919
559,20150601,0.000,0.000,0.000,1433169920
560,20150601,0.000,0.000,0.000,1433169921
561,20150601,0.000,0.000,0.000,1433169922
562,20150601,0.000,0.000,0.000,1433169923
563,20150601,0.000,0.000,0.000,1433169924
564,20150601,0.000,0.000,0.000,1433169925
565,20150601,0.000,0.000,0.000,1433169926
566,20150601,0.000,0.000,0.000,1433169927
567,20150601,0.000,0.000,0.000,1433169928
568,20150601,0.000,0.000,0.001,1433169929
569,20150601,0.000,0.000,0.000,1433169930
570,20150601,0.000,0.000,0.000,1433169931
571,20150601,0.000,0.000,0.001,1433169932
572,20150601,0.000,0.000,0.000,1433169933
573,20150601,0.000,0.000,0.000,1433169934
574,20150601,0.000,0.000,0.000,1433169935
575,20150601,0.000,0.000,0.000,1433169936
576,20150601,0.000,0.000,0.000,1433169937
577,20150601,0.000,0.000,0.000,1433169938
578,20150601,0.000,0.000,0.000,1433169939
579,20150601,0.000,0.000,0.000,1433169940
580,20150601,0.000,0.000,0.000,1433169941
581,20150601,0.000,0.000,0.000,1433169942
582,20150601,0.000,0.000,0.000,1433169943
583,20150601,0.000,0.000,0.000,1433169944
584,20150601,0.000,0.000,0.000,1433169945
585,20150601,0.000,0.000,0.000,1433169946
586,20150601,0.000,0.000,0.000,1433169947
587,20150601,0.000,0.000,0.000,1433169948
588,20150601,0.000,0.000,0.000,1433169949
589,20150601,0.000,0.000,0.000,1433169950
590,20150601,0.000,0.000,0.000,1433169951
591,20150601,0.000,0.000,0.000,1433169952
592,20150601,0.000,0.000,0.000,1433169953
593,20150601,0.000,0.000,0.000,1433169954
594,20150601,0.000,0.000,0.000,1433169955
595,20150601,0.000,0.000,0.000,1433169956
596,20150601,0.000,0.000,0.000,1433169957
597,20150601,0.000,0.000,0.000,1433169958
598,20150601,0.000,0.000,0.000,1433169959
599,20150601,0.000,0.000,0.000,1433169960
600,20150601,0.000,0.000,0.000,1433169961
601,20150601,0.000,0.000,0.000,1433169962
602,20150601,0.000,0.000,0.000,1433169963
603,20150601,0.000,0.000,0.000,1433169964
604,20150601,0.000,0.000,0.000,1433169965
605,20150601,0.000,0.000,0.000,1433169966
606,20150601,0.000,0.000,0.001,1433169967
607,20150601,0.000,0.000,0.000,1433169968
608,20150601,0.000,0.000,0.000,1433169969
609,20150601,0.000,0.000,0.000,1433169970
610,20150601,0.000,0.000,0.000,1433169971
611,20150601,0.000,0.000,0.000,1433169972
612,20150601,0.000,0.000,0.000,1433169973
613,20150601,0.000,0.000,0.000,1433169974
614,20150601,0.000,0.000,0.000,1433169975
615,20150601,0.000,0.000,0.000,1433169976
616,20150601,0.000,0.000,0.000,1433169977
617,20150601,0.000,0.000,0.000,1433169978
618,20150601,0.000,0.000,0.000,1433169979
619,20150601,0.000,0.000,0.000,1433169980
620,20150601,0.000,0.000,0.000,1433169981
621,20150601,0.000,0.000,0.000,1433169982
622,20150601,0.000,0.000,0.000,1433169983
623,20150601,0.000,0.000,0.000,1433169984
624,20150601,0.000,0.000,0.000,1433169985
625,20150601,0.000,0.000,0.000,1433169986
626,20150601,0.000,0.000,0.000,1433169987
627,20150601,0.000,0.000,0.000,1433169988
628,20150601,0.000,0.000,0.000,1433169989
629,20150601,0.000,0.000,0.000,1433169990
630,20150601,0.000,0.000,0.000,1433169991
631,20150601,0.000,0.000,0.000,1433169992
632,20150601,0.000,0.000,0.000,1433169993
633,20150601,0.000,0.000,0.000,1433169994
634,20150601,0.000,0.000,0.000,1433169995
635,20150601,0.000,0.000,0.000,1433169996
636,20150601,0.000,0.000,0.000,1433169997
637,20150601,0.000,0.000,0.000,1433169998
638,20150601,0.000,0.000,0.000,1433169999
639,20150601,0.000,0.000,0.000,1433170000
640,20150601,0.000,0.000,0.000,1433170001
641,20150601,0.000,0.000,0.000,1433170002
642,20150601,0.000,0.000,0.000,1433170003
643,20150601,0.000,0.000,0.000,1433170004
644,20150601,0.000,0.000,0.000,1433170005
645,20150601,0.000,0.000,0.000,1433170006
646,20150601,0.000,0.000,0.000,1433170007
647,20150601,0.000,0.000,0.000,1433170008
648,20150601,0.000,0.000,0.000,1433170009
649,20150601,0.000,0.000,0.000,1433170010
650,20150601,0.000,0.000,0.000,1433170011
651,20150601,0.000,0.000,0.000,1433170012
652,20150601,0.000,0.000,0.000,1433170013
653,20150601,0.000,0.000,0.000,1433170014
654,20150601,0.000,0.000,0.001,1433170015
655,20150601,0.000,0.000,0.000,1433170016
656,20150601,0.000,0.000,0.000,1433170017
657,20150601,0.000,0.000,0.000,1433170018
658,20150601,0.000,0.000,0.000,1433170019
659,20150601,0.000,0.000,0.000,1433170020
660,20150601,0.000,0.000,0.000,1433170021
661,20150601,0.000,0.000,0.000,1433170022
662,20150601,0.000,0.000,0.000,1433170023
663,20150601,0.000,0.000,0.000,1433170024
664,20150601,0.000,0.000,0.000,1433170025
665,20150601,0.000,0.000,0.000,1433170026
666,20150601,0.000,0.000,0.000,1433170027
667,20150601,0.000,0.000,0.000,1433170028
668,20150601,0.000,0.000,0.000,1433170029
669,20150601,0.000,0.000,0.000,1433170030
670,20150601,0.000,0.000,0.000,1433170031
671,20150601,0.000,0.000,0.000,1433170032
672,20150601,0.000,0.000,0.000,1433170033
673,20150601,0.000,0.000,0.000,1433170034
674,20150601,0.000,0.000,0.000,1433170035
675,20150601,0.000,0.000,0.000,1433170036
676,20150601,0.000,0.000,0.000,1433170037
677,20150601,0.005,0.038,0.003,1433170038
678,20150601,0.080,0.146,0.005,1433170039
679,20150601,0.062,0.089,0.032,1433170040
680,20150601,0.057,0.066,0.008,1433170041
681,20150601,0.090,0.065,0.012,1433170042
682,20150601,0.043,0.039,0.016,1433170043
683,20150601,0.020,0.026,0.015,1433170044
684,20150601,0.012,0.025,0.010,1433170045
685,20150601,0.027,0.023,0.005,1433170046
686,20150601,0.018,0.026,0.008,1433170047
687,20150601,0.012,0.006,0.004,1433170048
688,20150601,0.002,0.001,0.002,1433170049
689,20150601,0.001,0.001,0.001,1433170050
690,20150601,0.001,0.001,0.000,1433170051
691,20150601,0.000,0.001,0.000,1433170052
692,20150601,0.002,0.001,0.000,1433170053
693,20150601,0.001,0.001,0.000,1433170054
694,20150601,0.001,0.000,0.000,1433170055
695,20150601,0.001,0.001,0.000,1433170056
696,20150601,0.001,0.001,0.000,1433170057
697,20150601,0.001,0.001,0.000,1433170058
698,20150601,0.001,0.001,0.000,1433170059
699,20150601,0.001,0.001,0.000,1433170060
700,20150601,0.001,0.001,0.000,1433170061
701,20150601,0.001,0.001,0.000,1433170062
702,20150601,0.001,0.001,0.000,1433170063
703,20150601,0.002,0.001,0.000,1433170064
704,20150601,0.001,0.001,0.000,1433170065
705,20150601,0.002,0.001,0.000,1433170066
706,20150601,0.004,0.004,0.000,1433170067
707,20150601,0.003,0.008,0.000,1433170068
708,20150601,0.003,0.002,0.003,1433170069
709,20150601,0.001,0.001,0.002,1433170070
710,20150601,0.000,0.001,0.001,1433170071
711,20150601,0.001,0.001,0.001,1433170072
712,20150601,0.001,0.001,0.000,1433170073
713,20150601,0.001,0.001,0.000,1433170074
714,20150601,0.002,0.001,0.000,1433170075
715,20150601,0.001,0.001,0.000,1433170076
716,20150601,0.001,0.001,0.000,1433170077
717,20150601,0.001,0.001,0.000,1433170078
718,20150601,0.001,0.001,0.000,1433170079
719,20150601,0.001,0.001,0.000,1433170080
720,20150601,0.001,0.000,0.000,1433170081
721,20150601,0.001,0.001,0.000,1433170082
722,20150601,0.001,0.001,0.000,1433170083
723,20150601,0.001,0.001,0.000,1433170084
724,20150601,0.001,0.001,0.000,1433170085
725,20150601,0.001,0.001,0.000,1433170086
726,20150601,0.002,0.003,0.000,1433170087
727,20150601,0.001,0.001,0.000,1433170088
728,20150601,0.001,0.001,0.000,1433170089
729,20150601,0.001,0.001,0.000,1433170090
730,20150601,0.001,0.001,0.000,1433170091
731,20150601,0.001,0.001,0.000,1433170092
732,20150601,0.001,0.000,0.000,1433170093
733,20150601,0.002,0.001,0.000,1433170094
734,20150601,0.001,0.001,0.000,1433170095
735,20150601,0.001,0.001,0.000,1433170096
736,20150601,0.002,0.001,0.000,1433170097
737,20150601,0.001,0.001,0.000,1433170098
738,20150601,0.001,0.001,0.000,1433170099
739,20150601,0.001,0.001,0.000,1433170100
740,20150601,0.001,0.001,0.000,1433170101
741,20150601,0.002,0.001,0.000,1433170102
742,20150601,0.001,0.000,0.000,1433170103
743,20150601,0.001,0.001,0.000,1433170104
744,20150601,0.001,0.001,0.000,1433170105
745,20150601,0.001,0.000,0.000,1433170106
746,20150601,0.002,0.001,0.000,1433170107
747,20150601,0.001,0.001,0.000,1433170108
748,20150601,0.001,0.001,0.000,1433170109
749,20150601,0.001,0.001,0.000,1433170110
750,20150601,0.001,0.001,0.000,1433170111
751,20150601,0.001,0.001,0.000,1433170112
752,20150601,0.001,0.001,0.000,1433170113
753,20150601,0.001,0.001,0.000,1433170114
754,20150601,0.002,0.001,0.000,1433170115
755,20150601,0.001,0.000,0.000,1433170116
756,20150601,0.002,0.001,0.000,1433170117
757,20150601,0.001,0.001,0.000,1433170118
758,20150601,0.001,0.001,0.000,1433170119
759,20150601,0.001,0.001,0.000,1433170120
760,20150601,0.002,0.001,0.000,1433170121
761,20150601,0.001,0.001,0.000,1433170122
762,20150601,0.001,0.001,0.000,1433170123
763,20150601,0.001,0.001,0.000,1433170124
764,20150601,0.001,0.001,0.000,1433170125
765,20150601,0.002,0.001,0.000,1433170126
766,20150601,0.001,0.000,0.000,1433170127
767,20150601,0.002,0.001,0.000,1433170128
768,20150601,0.001,0.001,0.000,1433170129
769,20150601,0.002,0.001,0.000,1433170130
770,20150601,0.001,0.000,0.000,1433170131
771,20150601,0.001,0.001,0.000,1433170132
772,20150601,0.001,0.000,0.000,1433170133
773,20150601,0.001,0.000,0.000,1433170134
774,20150601,0.001,0.000,0.000,1433170135
775,20150601,0.001,0.001,0.000,1433170136
776,20150601,0.001,0.000,0.001,1433170137
777,20150601,0.002,0.001,0.000,1433170138
778,20150601,0.000,0.000,0.000,1433170139
779,20150601,0.001,0.001,0.000,1433170140
780,20150601,0.001,0.001,0.000,1433170141
781,20150601,0.001,0.001,0.000,1433170142
782,20150601,0.001,0.001,0.001,1433170143
783,20150601,0.001,0.000,0.000,1433170144
784,20150601,0.002,0.001,0.000,1433170145
785,20150601,0.001,0.000,0.000,1433170146
786,20150601,0.001,0.001,0.000,1433170147
787,20150601,0.001,0.001,0.000,1433170148
788,20150601,0.002,0.001,0.000,1433170149
789,20150601,0.002,0.001,0.000,1433170150
790,20150601,0.001,0.001,0.000,1433170151
791,20150601,0.002,0.001,0.000,1433170152
792,20150601,0.001,0.001,0.000,1433170153
793,20150601,0.001,0.001,0.000,1433170154
794,20150601,0.002,0.001,0.000,1433170155
795,20150601,0.001,0.001,0.000,1433170156
796,20150601,0.002,0.001,0.000,1433170157
797,20150601,0.002,0.001,0.000,1433170158
798,20150601,0.001,0.001,0.000,1433170159
799,20150601,0.001,0.001,0.000,1433170160
800,20150601,0.001,0.000,0.000,1433170161
801,20150601,0.001,0.001,0.000,1433170162
802,20150601,0.001,0.001,0.000,1433170163
803,20150601,0.001,0.001,0.000,1433170164
804,20150601,0.001,0.001,0.000,1433170165
805,20150601,0.000,0.000,0.000,1433170166
806,20150601,0.001,0.001,0.000,1433170167
807,20150601,0.001,0.001,0.000,1433170168
808,20150601,0.001,0.001,0.000,1433170169
809,20150601,0.001,0.001,0.000,1433170170
810,20150601,0.001,0.001,0.000,1433170171
811,20150601,0.002,0.001,0.001,1433170172
812,20150601,0.001,0.001,0.001,1433170173
813,20150601,0.001,0.001,0.001,1433170174
814,20150601,0.001,0.000,0.000,1433170175
815,20150601,0.001,0.001,0.000,1433170176
816,20150601,0.001,0.000,0.000,1433170177
817,20150601,0.001,0.001,0.000,1433170178
818,20150601,0.001,0.001,0.000,1433170179
819,20150601,0.000,0.000,0.000,1433170180
820,20150601,0.001,0.001,0.000,1433170181
821,20150601,0.001,0.001,0.000,1433170182
822,20150601,0.001,0.001,0.000,1433170183
823,20150601,0.000,0.000,0.000,1433170184
824,20150601,0.001,0.001,0.000,1433170185
825,20150601,0.001,0.001,0.000,1433170186
826,20150601,0.001,0.001,0.000,1433170187
827,20150601,0.001,0.000,0.000,1433170188
828,20150601,0.001,0.001,0.000,1433170189
829,20150601,0.001,0.001,0.000,1433170190
830,20150601,0.001,0.001,0.000,1433170191
831,20150601,0.001,0.001,0.000,1433170192
832,20150601,0.000,0.000,0.000,1433170193
833,20150601,0.001,0.001,0.000,1433170194
834,20150601,0.002,0.001,0.000,1433170195
835,20150601,0.001,0.001,0.000,1433170196
836,20150601,0.001,0.001,0.000,1433170197
837,20150601,0.001,0.001,0.000,1433170198
838,20150601,0.001,0.001,0.000,1433170199
839,20150601,0.001,0.001,0.000,1433170200
840,20150601,0.001,0.001,0.000,1433170201
841,20150601,0.001,0.001,0.000,1433170202
842,20150601,0.001,0.001,0.000,1433170203
843,20150601,0.001,0.001,0.000,1433170204
844,20150601,0.001,0.000,0.000,1433170205
845,20150601,0.001,0.001,0.000,1433170206
846,20150601,0.001,0.001,0.000,1433170207
847,20150601,0.001,0.000,0.000,1433170208
848,20150601,0.001,0.000,0.000,1433170209
849,20150601,0.001,0.001,0.000,1433170210
850,20150601,0.000,0.000,0.000,1433170211
851,20150601,0.001,0.000,0.000,1433170212
852,20150601,0.001,0.001,0.001,1433170213
853,20150601,0.001,0.001,0.000,1433170214
854,20150601,0.001,0.001,0.000,1433170215
855,20150601,0.001,0.001,0.001,1433170216
856,20150601,0.001,0.001,0.000,1433170217
857,20150601,0.001,0.001,0.000,1433170218
858,20150601,0.001,0.001,0.000,1433170219
859,20150601,0.001,0.001,0.000,1433170220
860,20150601,0.001,0.001,0.000,1433170221
861,20150601,0.001,0.001,0.000,1433170222
862,20150601,0.001,0.001,0.000,1433170223
863,20150601,0.001,0.001,0.000,1433170224
864,20150601,0.001,0.001,0.000,1433170225
865,20150601,0.000,0.000,0.000,1433170226
866,20150601,0.001,0.001,0.001,1433170227
867,20150601,0.001,0.001,0.000,1433170228
868,20150601,0.001,0.001,0.000,1433170229
869,20150601,0.002,0.001,0.000,1433170230
870,20150601,0.001,0.001,0.000,1433170231
871,20150601,0.001,0.001,0.000,1433170232
872,20150601,0.001,0.001,0.000,1433170233
873,20150601,0.001,0.001,0.000,1433170234
874,20150601,0.001,0.001,0.000,1433170235
875,20150601,0.001,0.000,0.000,1433170236
876,20150601,0.002,0.001,0.000,1433170237
877,20150601,0.001,0.001,0.000,1433170238
878,20150601,0.001,0.001,0.000,1433170239
879,20150601,0.001,0.001,0.000,1433170240
880,20150601,0.001,0.001,0.000,1433170241
881,20150601,0.001,0.001,0.000,1433170242
882,20150601,0.001,0.000,0.000,1433170243
883,20150601,0.001,0.001,0.000,1433170244
884,20150601,0.001,0.001,0.000,1433170245
885,20150601,0.001,0.001,0.000,1433170246
886,20150601,0.001,0.001,0.000,1433170247
887,20150601,0.001,0.001,0.000,1433170248
888,20150601,0.001,0.001,0.000,1433170249
889,20150601,0.002,0.001,0.000,1433170250
890,20150601,0.001,0.001,0.000,1433170251
891,20150601,0.001,0.001,0.000,1433170252
892,20150601,0.001,0.001,0.000,1433170253
893,20150601,0.001,0.001,0.000,1433170254
894,20150601,0.001,0.001,0.000,1433170255
895,20150601,0.001,0.000,0.000,1433170256
896,20150601,0.001,0.001,0.000,1433170257
897,20150601,0.001,0.000,0.000,1433170258
898,20150601,0.001,0.001,0.000,1433170259
899,20150601,0.001,0.001,0.000,1433170260
900,20150601,0.001,0.001,0.000,1433170261
901,20150601,0.001,0.001,0.000,1433170262
902,20150601,0.001,0.001,0.000,1433170263
903,20150601,0.001,0.001,0.000,1433170264
904,20150601,0.001,0.001,0.000,1433170265
905,20150601,0.001,0.000,0.000,1433170266
906,20150601,0.001,0.001,0.000,1433170267
907,20150601,0.001,0.001,0.000,1433170268
908,20150601,0.001,0.001,0.000,1433170269
909,20150601,0.001,0.001,0.000,1433170270
910,20150601,0.001,0.001,0.000,1433170271
911,20150601,0.002,0.010,0.000,1433170272
912,20150601,0.024,0.042,0.001,1433170273
913,20150601,0.010,0.011,0.002,1433170274
914,20150601,0.005,0.013,0.005,1433170275
915,20150601,0.021,0.038,0.004,1433170276
916,20150601,0.008,0.017,0.007,1433170277
917,20150601,0.005,0.010,0.010,1433170278
918,20150601,0.002,0.003,0.006,1433170279
919,20150601,0.001,0.002,0.003,1433170280
920,20150601,0.000,0.001,0.001,1433170281
921,20150601,0.000,0.000,0.000,1433170282
922,20150601,0.002,0.001,0.000,1433170283
923,20150601,0.001,0.001,0.000,1433170284
924,20150601,0.001,0.001,0.000,1433170285
925,20150601,0.001,0.001,0.000,1433170286
926,20150601,0.002,0.001,0.000,1433170287
927,20150601,0.001,0.001,0.000,1433170288
928,20150601,0.001,0.001,0.000,1433170289
929,20150601,0.002,0.001,0.000,1433170290
930,20150601,0.001,0.001,0.000,1433170291
931,20150601,0.002,0.001,0.000,1433170292
932,20150601,0.001,0.001,0.000,1433170293
933,20150601,0.001,0.001,0.000,1433170294
934,20150601,0.001,0.001,0.000,1433170295
935,20150601,0.001,0.001,0.000,1433170296
936,20150601,0.001,0.001,0.000,1433170297
937,20150601,0.001,0.000,0.000,1433170298
938,20150601,0.001,0.001,0.000,1433170299
939,20150601,0.001,0.001,0.000,1433170300
940,20150601,0.000,0.000,0.000,1433170301
941,20150601,0.001,0.001,0.000,1433170302
942,20150601,0.001,0.001,0.000,1433170303
943,20150601,0.001,0.001,0.000,1433170304
944,20150601,0.001,0.001,0.000,1433170305
945,20150601,0.001,0.001,0.000,1433170306
946,20150601,0.001,0.001,0.000,1433170307
947,20150601,0.001,0.001,0.000,1433170308
948,20150601,0.001,0.001,0.000,1433170309
949,20150601,0.001,0.001,0.000,1433170310
950,20150601,0.001,0.001,0.000,1433170311
951,20150601,0.001,0.001,0.000,1433170312
952,20150601,0.001,0.001,0.000,1433170313
953,20150601,0.001,0.001,0.000,1433170314
954,20150601,0.001,0.001,0.000,1433170315
955,20150601,0.001,0.001,0.000,1433170316
956,20150601,0.001,0.001,0.000,1433170317
957,20150601,0.001,0.001,0.000,1433170318
958,20150601,0.001,0.000,0.000,1433170319
959,20150601,0.001,0.001,0.000,1433170320
960,20150601,0.001,0.001,0.000,1433170321
961,20150601,0.001,0.001,0.000,1433170322
962,20150601,0.001,0.001,0.000,1433170323
963,20150601,0.001,0.001,0.000,1433170324
964,20150601,0.001,0.001,0.000,1433170325
965,20150601,0.001,0.001,0.000,1433170326
966,20150601,0.001,0.001,0.000,1433170327
967,20150601,0.001,0.001,0.000,1433170328
968,20150601,0.001,0.001,0.000,1433170329
969,20150601,0.001,0.001,0.000,1433170330
970,20150601,0.001,0.001,0.000,1433170331
971,20150601,0.001,0.001,0.000,1433170332
972,20150601,0.001,0.001,0.000,1433170333
973,20150601,0.001,0.001,0.000,1433170334
974,20150601,0.001,0.001,0.000,1433170335
975,20150601,0.001,0.001,0.000,1433170336
976,20150601,0.001,0.001,0.000,1433170337
977,20150601,0.001,0.001,0.000,1433170338
978,20150601,0.001,0.000,0.000,1433170339
979,20150601,0.001,0.001,0.000,1433170340
980,20150601,0.001,0.001,0.000,1433170341
981,20150601,0.001,0.001,0.000,1433170342
982,20150601,0.001,0.001,0.000,1433170343
983,20150601,0.001,0.001,0.000,1433170344
984,20150601,0.001,0.001,0.000,1433170345
985,20150601,0.001,0.001,0.000,1433170346
986,20150601,0.001,0.001,0.000,1433170347
987,20150601,0.001,0.001,0.000,1433170348
988,20150601,0.001,0.001,0.000,1433170349
989,20150601,0.001,0.001,0.000,1433170350
990,20150601,0.001,0.001,0.000,1433170351
991,20150601,0.001,0.001,0.000,1433170352
992,20150601,0.001,0.001,0.000,1433170353
993,20150601,0.001,0.001,0.000,1433170354
994,20150601,0.001,0.001,0.000,1433170355
995,20150601,0.001,0.001,0.000,1433170356
996,20150601,0.001,0.000,0.000,1433170357
997,20150601,0.001,0.001,0.000,1433170358
998,20150601,0.001,0.001,0.000,1433170359
999,20150601,0.001,0.001,0.000,1433170360
1000,20150601,0.001,0.001,0.000,1433170361
1001,20150601,0.001,0.001,0.000,1433170362
1002,20150601,0.001,0.001,0.000,1433170363
1003,20150601,0.001,0.001,0.000,1433170364
1004,20150601,0.001,0.001,0.000,1433170365
1005,20150601,0.001,0.001,0.000,1433170366
1006,20150601,0.001,0.001,0.000,1433170367
1007,20150601,0.001,0.001,0.000,1433170368
1008,20150601,0.001,0.001,0.000,1433170369
1009,20150601,0.001,0.001,0.000,1433170370
1010,20150601,0.001,0.001,0.000,1433170371
1011,20150601,0.001,0.000,0.000,1433170372
1012,20150601,0.001,0.001,0.000,1433170373
1013,20150601,0.001,0.001,0.000,1433170374
1014,20150601,0.001,0.000,0.000,1433170375
1015,20150601,0.001,0.001,0.000,1433170376
1016,20150601,0.002,0.001,0.005,1433170377
1017,20150601,0.026,0.008,0.012,1433170378
1018,20150601,0.021,0.015,0.010,1433170379
1019,20150601,0.015,0.099,0.011,1433170380
1020,20150601,0.014,0.024,0.008,1433170381
1021,20150601,0.010,0.009,0.006,1433170382
1022,20150601,0.004,0.007,0.003,1433170383
1023,20150601,0.004,0.003,0.007,1433170384
1024,20150601,0.001,0.001,0.004,1433170385
1025,20150601,0.002,0.001,0.003,1433170386
1026,20150601,0.002,0.001,0.001,1433170387
1027,20150601,0.001,0.001,0.000,1433170388
1028,20150601,0.000,0.000,0.000,1433170389
1029,20150601,0.001,0.000,0.003,1433170390
1030,20150601,0.001,0.001,0.003,1433170391
1031,20150601,0.001,0.001,0.002,1433170392
1032,20150601,0.001,0.001,0.003,1433170393
1033,20150601,0.002,0.002,0.001,1433170394
1034,20150601,0.001,0.001,0.000,1433170395
1035,20150601,0.001,0.001,0.000,1433170396
1036,20150601,0.002,0.001,0.000,1433170397
1037,20150601,0.001,0.001,0.000,1433170398
1038,20150601,0.002,0.001,0.000,1433170399
1039,20150601,0.001,0.000,0.000,1433170400
1040,20150601,0.002,0.001,0.000,1433170401
1041,20150601,0.001,0.001,0.000,1433170402
1042,20150601,0.001,0.001,0.000,1433170403
1043,20150601,0.001,0.001,0.000,1433170404
1044,20150601,0.001,0.001,0.000,1433170405
1045,20150601,0.001,0.001,0.000,1433170406
1046,20150601,0.001,0.001,0.000,1433170407
1047,20150601,0.001,0.001,0.000,1433170408
1048,20150601,0.001,0.001,0.000,1433170409
1049,20150601,0.001,0.001,0.000,1433170410
1050,20150601,0.001,0.001,0.000,1433170411
1051,20150601,0.002,0.001,0.000,1433170412
1052,20150601,0.000,0.001,0.000,1433170413
1053,20150601,0.001,0.001,0.000,1433170414
1054,20150601,0.001,0.001,0.000,1433170415
1055,20150601,0.001,0.000,0.000,1433170416
1056,20150601,0.002,0.001,0.000,1433170417
1057,20150601,0.001,0.001,0.000,1433170418
1058,20150601,0.001,0.001,0.000,1433170419
1059,20150601,0.000,0.000,0.000,1433170420
1060,20150601,0.001,0.000,0.000,1433170421
1061,20150601,0.001,0.001,0.000,1433170422
1062,20150601,0.001,0.001,0.000,1433170423
1063,20150601,0.001,0.001,0.000,1433170424
1064,20150601,0.001,0.001,0.000,1433170425
1065,20150601,0.001,0.002,0.000,1433170426
1066,20150601,0.002,0.002,0.000,1433170427
1067,20150601,0.001,0.003,0.000,1433170428
1068,20150601,0.002,0.001,0.000,1433170429
1069,20150601,0.001,0.000,0.000,1433170430
1070,20150601,0.002,0.001,0.000,1433170431
1071,20150601,0.001,0.001,0.000,1433170432
1072,20150601,0.001,0.001,0.000,1433170433
1073,20150601,0.001,0.001,0.000,1433170434
1074,20150601,0.001,0.001,0.000,1433170435
1075,20150601,0.001,0.001,0.000,1433170436
1076,20150601,0.001,0.002,0.000,1433170437
1077,20150601,0.001,0.002,0.000,1433170438
1078,20150601,0.001,0.004,0.000,1433170439
1079,20150601,0.001,0.001,0.000,1433170440
1080,20150601,0.001,0.001,0.000,1433170441
1081,20150601,0.002,0.002,0.000,1433170442
1082,20150601,0.001,0.002,0.000,1433170443
1083,20150601,0.001,0.001,0.000,1433170444
1084,20150601,0.001,0.001,0.000,1433170445
1085,20150601,0.001,0.001,0.000,1433170446
1086,20150601,0.001,0.002,0.000,1433170447
1087,20150601,0.001,0.002,0.000,1433170448
1088,20150601,0.001,0.001,0.000,1433170449
1089,20150601,0.001,0.001,0.000,1433170450
1090,20150601,0.001,0.001,0.000,1433170451
1091,20150601,0.001,0.001,0.000,1433170452
1092,20150601,0.001,0.001,0.000,1433170453
1093,20150601,0.001,0.001,0.000,1433170454
1094,20150601,0.001,0.001,0.000,1433170455
1095,20150601,0.001,0.001,0.000,1433170456
1096,20150601,0.001,0.001,0.000,1433170457
1097,20150601,0.001,0.001,0.000,1433170458
1098,20150601,0.001,0.001,0.000,1433170459
1099,20150601,0.001,0.001,0.000,1433170460
1100,20150601,0.001,0.001,0.000,1433170461
1101,20150601,0.001,0.001,0.000,1433170462
1102,20150601,0.001,0.001,0.000,1433170463
1103,20150601,0.001,0.001,0.000,1433170464
1104,20150601,0.001,0.001,0.000,1433170465
1105,20150601,0.001,0.001,0.000,1433170466
1106,20150601,0.001,0.000,0.000,1433170467
1107,20150601,0.001,0.001,0.000,1433170468
1108,20150601,0.001,0.001,0.000,1433170469
1109,20150601,0.001,0.000,0.000,1433170470
1110,20150601,0.001,0.001,0.000,1433170471
1111,20150601,0.001,0.001,0.000,1433170472
1112,20150601,0.001,0.001,0.000,1433170473
1113,20150601,0.001,0.000,0.000,1433170474
1114,20150601,0.001,0.000,0.000,1433170475
1115,20150601,0.001,0.001,0.000,1433170476
1116,20150601,0.001,0.001,0.000,1433170477
1117,20150601,0.001,0.001,0.000,1433170478
1118,20150601,0.001,0.001,0.000,1433170479
1119,20150601,0.001,0.001,0.000,1433170480
1120,20150601,0.001,0.002,0.000,1433170481
1121,20150601,0.001,0.001,0.000,1433170482
1122,20150601,0.001,0.001,0.000,1433170483
1123,20150601,0.001,0.001,0.000,1433170484
1124,20150601,0.001,0.001,0.000,1433170485
1125,20150601,0.001,0.001,0.000,1433170486
1126,20150601,0.001,0.001,0.000,1433170487
1127,20150601,0.001,0.002,0.000,1433170488
1128,20150601,0.013,0.129,0.001,1433170489
1129,20150601,0.018,0.060,0.001,1433170490
1130,20150601,0.011,0.018,0.001,1433170491
1131,20150601,0.024,0.038,0.011,1433170492
1132,20150601,0.008,0.009,0.007,1433170493
1133,20150601,0.006,0.003,0.009,1433170494
1134,20150601,0.003,0.002,0.007,1433170495
1135,20150601,0.001,0.001,0.001,1433170496
1136,20150601,0.002,0.001,0.000,1433170497
1137,20150601,0.001,0.001,0.000,1433170498
1138,20150601,0.001,0.001,0.000,1433170499
1139,20150601,0.001,0.001,0.000,1433170500
1140,20150601,0.001,0.000,0.000,1433170501
1141,20150601,0.001,0.001,0.000,1433170502
1142,20150601,0.002,0.001,0.000,1433170503
1143,20150601,0.001,0.001,0.000,1433170504
1144,20150601,0.001,0.001,0.000,1433170505
1145,20150601,0.001,0.001,0.000,1433170506
1146,20150601,0.001,0.001,0.000,1433170507
1147,20150601,0.001,0.001,0.000,1433170508
1148,20150601,0.001,0.000,0.000,1433170509
1149,20150601,0.001,0.001,0.000,1433170510
1150,20150601,0.001,0.001,0.000,1433170511
1151,20150601,0.001,0.001,0.000,1433170512
1152,20150601,0.001,0.001,0.000,1433170513
1153,20150601,0.001,0.000,0.000,1433170514
1154,20150601,0.001,0.001,0.000,1433170515
1155,20150601,0.001,0.001,0.000,1433170516
1156,20150601,0.001,0.000,0.000,1433170517
1157,20150601,0.001,0.000,0.000,1433170518
1158,20150601,0.001,0.000,0.000,1433170519
1159,20150601,0.001,0.001,0.000,1433170520
1160,20150601,0.001,0.001,0.000,1433170521
1161,20150601,0.001,0.000,0.000,1433170522
1162,20150601,0.002,0.001,0.000,1433170523
1163,20150601,0.001,0.000,0.000,1433170524
1164,20150601,0.001,0.001,0.000,1433170525
1165,20150601,0.001,0.001,0.000,1433170526
1166,20150601,0.001,0.000,0.000,1433170527
1167,20150601,0.001,0.001,0.000,1433170528
1168,20150601,0.001,0.001,0.000,1433170529
1169,20150601,0.001,0.001,0.000,1433170530
1170,20150601,0.002,0.001,0.000,1433170531
1171,20150601,0.001,0.001,0.000,1433170532
1172,20150601,0.001,0.001,0.000,1433170533
1173,20150601,0.001,0.000,0.000,1433170534
1174,20150601,0.001,0.000,0.000,1433170535
1175,20150601,0.001,0.001,0.000,1433170536
1176,20150601,0.001,0.001,0.000,1433170537
1177,20150601,0.001,0.000,0.000,1433170538
1178,20150601,0.001,0.001,0.000,1433170539
1179,20150601,0.001,0.000,0.000,1433170540
1180,20150601,0.001,0.000,0.000,1433170541
1181,20150601,0.001,0.001,0.000,1433170542
1182,20150601,0.001,0.000,0.000,1433170543
1183,20150601,0.001,0.001,0.000,1433170544
1184,20150601,0.001,0.001,0.000,1433170545
1185,20150601,0.001,0.000,0.000,1433170546
1186,20150601,0.001,0.000,0.000,1433170547
1187,20150601,0.001,0.001,0.000,1433170548
1188,20150601,0.001,0.000,0.000,1433170549
1189,20150601,0.001,0.001,0.000,1433170550
1190,20150601,0.001,0.001,0.000,1433170551
1191,20150601,0.001,0.001,0.000,1433170552
1192,20150601,0.001,0.001,0.000,1433170553
1193,20150601,0.001,0.000,0.000,1433170554
1194,20150601,0.001,0.001,0.000,1433170555
1195,20150601,0.001,0.000,0.000,1433170556
1196,20150601,0.001,0.001,0.000,1433170557
1197,20150601,0.001,0.001,0.000,1433170558
1198,20150601,0.001,0.001,0.000,1433170559
1199,20150601,0.001,0.001,0.000,1433170560
1200,20150601,0.001,0.000,0.000,1433170561
1201,20150601,0.001,0.001,0.000,1433170562
1202,20150601,0.001,0.001,0.000,1433170563
1203,20150601,0.001,0.000,0.000,1433170564
1204,20150601,0.001,0.000,0.000,1433170565
1205,20150601,0.001,0.000,0.000,1433170566
1206,20150601,0.001,0.000,0.000,1433170567
1207,20150601,0.001,0.001,0.000,1433170568
1208,20150601,0.001,0.000,0.000,1433170569
1209,20150601,0.001,0.001,0.000,1433170570
1210,20150601,0.001,0.000,0.000,1433170571
1211,20150601,0.001,0.000,0.000,1433170572
1212,20150601,0.001,0.001,0.000,1433170573
1213,20150601,0.001,0.001,0.000,1433170574
1214,20150601,0.001,0.000,0.000,1433170575
1215,20150601,0.001,0.001,0.000,1433170576
1216,20150601,0.001,0.000,0.000,1433170577
1217,20150601,0.001,0.000,0.000,1433170578
1218,20150601,0.001,0.001,0.000,1433170579
1219,20150601,0.001,0.000,0.000,1433170580
1220,20150601,0.001,0.000,0.000,1433170581
1221,20150601,0.001,0.001,0.000,1433170582
1222,20150601,0.001,0.001,0.000,1433170583
1223,20150601,0.001,0.000,0.000,1433170584
1224,20150601,0.001,0.001,0.000,1433170585
1225,20150601,0.001,0.000,0.000,1433170586
1226,20150601,0.001,0.001,0.000,1433170587
1227,20150601,0.001,0.001,0.000,1433170588
1228,20150601,0.001,0.000,0.000,1433170589
1229,20150601,0.001,0.001,0.000,1433170590
1230,20150601,0.001,0.001,0.000,1433170591
1231,20150601,0.001,0.000,0.000,1433170592
1232,20150601,0.001,0.000,0.000,1433170593
1233,20150601,0.001,0.001,0.000,1433170594
1234,20150601,0.001,0.001,0.000,1433170595
1235,20150601,0.001,0.001,0.000,1433170596
1236,20150601,0.001,0.000,0.000,1433170597
1237,20150601,0.001,0.001,0.000,1433170598
1238,20150601,0.001,0.001,0.000,1433170599
1239,20150601,0.001,0.001,0.000,1433170600
1240,20150601,0.001,0.001,0.000,1433170601
1241,20150601,0.001,0.001,0.001,1433170602
1242,20150601,0.001,0.001,0.000,1433170603
1243,20150601,0.001,0.001,0.000,1433170604
1244,20150601,0.001,0.001,0.000,1433170605
1245,20150601,0.001,0.000,0.000,1433170606
1246,20150601,0.001,0.001,0.000,1433170607
1247,20150601,0.001,0.001,0.000,1433170608
1248,20150601,0.001,0.000,0.000,1433170609
1249,20150601,0.001,0.001,0.000,1433170610
1250,20150601,0.001,0.001,0.000,1433170611
1251,20150601,0.001,0.000,0.000,1433170612
1252,20150601,0.001,0.001,0.000,1433170613
1253,20150601,0.001,0.001,0.000,1433170614
1254,20150601,0.001,0.000,0.000,1433170615
1255,20150601,0.001,0.001,0.000,1433170616
1256,20150601,0.001,0.001,0.001,1433170617
1257,20150601,0.001,0.000,0.000,1433170618
1258,20150601,0.001,0.001,0.000,1433170619
1259,20150601,0.001,0.001,0.001,1433170620
1260,20150601,0.001,0.001,0.000,1433170621
1261,20150601,0.001,0.001,0.000,1433170622
1262,20150601,0.001,0.000,0.001,1433170623
1263,20150601,0.011,0.011,0.020,1433170624
1264,20150601,0.054,0.019,0.044,1433170625
1265,20150601,0.020,0.027,0.010,1433170626
1266,20150601,0.049,0.025,0.009,1433170627
1267,20150601,0.054,0.035,0.009,1433170628
1268,20150601,0.019,0.007,0.014,1433170629
1269,20150601,0.006,0.002,0.004,1433170630
1270,20150601,0.002,0.001,0.001,1433170631
1271,20150601,0.001,0.000,0.000,1433170632
1272,20150601,0.001,0.000,0.000,1433170633
1273,20150601,0.004,0.001,0.000,1433170634
1274,20150601,0.002,0.000,0.000,1433170635
1275,20150601,0.001,0.000,0.000,1433170636
1276,20150601,0.003,0.001,0.000,1433170637
1277,20150601,0.002,0.001,0.000,1433170638
1278,20150601,0.003,0.000,0.000,1433170639
1279,20150601,0.001,0.000,0.000,1433170640
1280,20150601,0.004,0.001,0.000,1433170641
1281,20150601,0.001,0.000,0.000,1433170642
1282,20150601,0.001,0.000,0.000,1433170643
1283,20150601,0.001,0.000,0.000,1433170644
1284,20150601,0.001,0.000,0.000,1433170645
1285,20150601,0.003,0.001,0.000,1433170646
1286,20150601,0.003,0.001,0.000,1433170647
1287,20150601,0.001,0.000,0.000,1433170648
1288,20150601,0.001,0.000,0.000,1433170649
1289,20150601,0.001,0.000,0.000,1433170650
1290,20150601,0.002,0.001,0.000,1433170651
1291,20150601,0.001,0.000,0.001,1433170652
1292,20150601,0.001,0.000,0.001,1433170653
1293,20150601,0.001,0.000,0.000,1433170654
1294,20150601,0.001,0.000,0.001,1433170655
1295,20150601,0.002,0.000,0.001,1433170656
1296,20150601,0.002,0.000,0.001,1433170657
1297,20150601,0.001,0.000,0.001,1433170658
1298,20150601,0.001,0.000,0.001,1433170659
1299,20150601,0.002,0.000,0.001,1433170660
1300,20150601,0.004,0.001,0.000,1433170661
1301,20150601,0.002,0.000,0.001,1433170662
1302,20150601,0.002,0.000,0.001,1433170663
1303,20150601,0.001,0.000,0.002,1433170664
1304,20150601,0.002,0.000,0.001,1433170665
1305,20150601,0.001,0.000,0.002,1433170666
1306,20150601,0.002,0.000,0.001,1433170667
1307,20150601,0.001,0.000,0.002,1433170668
1308,20150601,0.001,0.000,0.001,1433170669
1309,20150601,0.001,0.000,0.000,1433170670
1310,20150601,0.001,0.000,0.001,1433170671
1311,20150601,0.003,0.000,0.001,1433170672
1312,20150601,0.002,0.000,0.000,1433170673
1313,20150601,0.001,0.000,0.000,1433170674
1314,20150601,0.003,0.001,0.000,1433170675
1315,20150601,0.002,0.001,0.001,1433170676
1316,20150601,0.001,0.000,0.001,1433170677
1317,20150601,0.001,0.000,0.001,1433170678
1318,20150601,0.001,0.000,0.002,1433170679
1319,20150601,0.003,0.000,0.001,1433170680
1320,20150601,0.002,0.000,0.001,1433170681
1321,20150601,0.001,0.000,0.000,1433170682
1322,20150601,0.001,0.000,0.001,1433170683
1323,20150601,0.002,0.000,0.001,1433170684
1324,20150601,0.002,0.000,0.001,1433170685
1325,20150601,0.001,0.000,0.001,1433170686
1326,20150601,0.002,0.001,0.001,1433170687
1327,20150601,0.002,0.001,0.002,1433170688
1328,20150601,0.002,0.000,0.001,1433170689
1329,20150601,0.002,0.001,0.000,1433170690
1330,20150601,0.001,0.000,0.000,1433170691
1331,20150601,0.004,0.001,0.001,1433170692
1332,20150601,0.002,0.001,0.001,1433170693
1333,20150601,0.002,0.001,0.001,1433170694
1334,20150601,0.001,0.000,0.000,1433170695
1335,20150601,0.002,0.000,0.000,1433170696
1336,20150601,0.002,0.001,0.000,1433170697
1337,20150601,0.002,0.000,0.000,1433170698
1338,20150601,0.002,0.001,0.000,1433170699
1339,20150601,0.001,0.000,0.000,1433170700
1340,20150601,0.003,0.001,0.001,1433170701
1341,20150601,0.002,0.000,0.000,1433170702
1342,20150601,0.001,0.000,0.000,1433170703
1343,20150601,0.002,0.001,0.000,1433170704
1344,20150601,0.001,0.000,0.000,1433170705
1345,20150601,0.002,0.000,0.001,1433170706
1346,20150601,0.001,0.000,0.000,1433170707
1347,20150601,0.002,0.000,0.000,1433170708
1348,20150601,0.001,0.000,0.000,1433170709
1349,20150601,0.001,0.000,0.000,1433170710
1350,20150601,0.001,0.000,0.000,1433170711
1351,20150601,0.000,0.000,0.000,1433170712
1352,20150601,0.000,0.000,0.000,1433170713
1353,20150601,0.001,0.000,0.000,1433170714
1354,20150601,0.002,0.000,0.000,1433170715
1355,20150601,0.003,0.000,0.000,1433170716
1356,20150601,0.001,0.000,0.001,1433170717
1357,20150601,0.001,0.000,0.000,1433170718
1358,20150601,0.001,0.000,0.001,1433170719
1359,20150601,0.000,0.000,0.000,1433170720
1360,20150601,0.001,0.000,0.000,1433170721
1361,20150601,0.001,0.000,0.000,1433170722
1362,20150601,0.002,0.001,0.000,1433170723
1363,20150601,0.001,0.000,0.000,1433170724
1364,20150601,0.002,0.001,0.000,1433170725
1365,20150601,0.001,0.000,0.000,1433170726
1366,20150601,0.003,0.000,0.000,1433170727
1367,20150601,0.002,0.000,0.001,1433170728
1368,20150601,0.001,0.000,0.000,1433170729
1369,20150601,0.002,0.000,0.000,1433170730
1370,20150601,0.001,0.000,0.001,1433170731
1371,20150601,0.001,0.000,0.000,1433170732
1372,20150601,0.002,0.000,0.000,1433170733
1373,20150601,0.001,0.000,0.000,1433170734
1374,20150601,0.001,0.000,0.000,1433170735
1375,20150601,0.001,0.000,0.000,1433170736
1376,20150601,0.002,0.001,0.000,1433170737
1377,20150601,0.001,0.000,0.000,1433170738
1378,20150601,0.002,0.001,0.000,1433170739
1379,20150601,0.001,0.000,0.000,1433170740
1380,20150601,0.001,0.000,0.000,1433170741
1381,20150601,0.001,0.000,0.000,1433170742
1382,20150601,0.001,0.000,0.000,1433170743
1383,20150601,0.002,0.000,0.000,1433170744
1384,20150601,0.001,0.000,0.000,1433170745
1385,20150601,0.001,0.000,0.000,1433170746
1386,20150601,0.002,0.000,0.000,1433170747
1387,20150601,0.001,0.000,0.000,1433170748
1388,20150601,0.001,0.000,0.000,1433170749
1389,20150601,0.001,0.000,0.000,1433170750
1390,20150601,0.001,0.000,0.000,1433170751
1391,20150601,0.001,0.000,0.001,1433170752
1392,20150601,0.001,0.000,0.000,1433170753
1393,20150601,0.001,0.000,0.000,1433170754
1394,20150601,0.001,0.000,0.000,1433170755
1395,20150601,0.001,0.000,0.000,1433170756
1396,20150601,0.001,0.000,0.000,1433170757
1397,20150601,0.001,0.000,0.000,1433170758
1398,20150601,0.001,0.000,0.000,1433170759
1399,20150601,0.001,0.000,0.000,1433170760
1400,20150601,0.001,0.000,0.000,1433170761
1401,20150601,0.002,0.000,0.001,1433170762
1402,20150601,0.001,0.000,0.000,1433170763
1403,20150601,0.001,0.000,0.000,1433170764
1404,20150601,0.001,0.000,0.000,1433170765
1405,20150601,0.001,0.000,0.000,1433170766
1406,20150601,0.002,0.001,0.000,1433170767
1407,20150601,0.001,0.000,0.000,1433170768
1408,20150601,0.001,0.000,0.000,1433170769
1409,20150601,0.001,0.000,0.000,1433170770
1410,20150601,0.002,0.029,0.001,1433170771
1411,20150601,0.001,0.029,0.001,1433170772
1412,20150601,0.001,0.009,0.001,1433170773
1413,20150601,0.013,0.073,0.001,1433170774
1414,20150601,0.012,0.079,0.002,1433170775
1415,20150601,0.005,0.016,0.009,1433170776
1416,20150601,0.003,0.002,0.004,1433170777
1417,20150601,0.002,0.002,0.003,1433170778
1418,20150601,0.001,0.001,0.001,1433170779
1419,20150601,0.001,0.001,0.000,1433170780
1420,20150601,0.000,0.000,0.000,1433170781
1421,20150601,0.000,0.000,0.000,1433170782
1422,20150601,0.001,0.001,0.000,1433170783
1423,20150601,0.000,0.000,0.000,1433170784
1424,20150601,0.000,0.000,0.000,1433170785
1425,20150601,0.001,0.000,0.000,1433170786
1426,20150601,0.000,0.000,0.000,1433170787
1427,20150601,0.000,0.000,0.000,1433170788
1428,20150601,0.001,0.000,0.000,1433170789
1429,20150601,0.000,0.000,0.000,1433170790
1430,20150601,0.000,0.000,0.000,1433170791
1431,20150601,0.001,0.001,0.000,1433170792
1432,20150601,0.000,0.000,0.000,1433170793
1433,20150601,0.000,0.000,0.000,1433170794
1434,20150601,0.001,0.000,0.000,1433170795
1435,20150601,0.000,0.000,0.000,1433170796
1436,20150601,0.000,0.000,0.000,1433170797
1437,20150601,0.000,0.000,0.000,1433170798
1438,20150601,0.000,0.000,0.000,1433170799
1439,20150601,0.000,0.000,0.000,1433170800
1440,20150601,0.000,0.000,0.000,1433170801
1441,20150601,0.001,0.000,0.000,1433170802
1442,20150601,0.000,0.000,0.000,1433170803
1443,20150601,0.000,0.000,0.000,1433170804
1444,20150601,0.001,0.000,0.000,1433170805
1445,20150601,0.000,0.000,0.000,1433170806
1446,20150601,0.000,0.000,0.000,1433170807
1447,20150601,0.001,0.000,0.000,1433170808
1448,20150601,0.000,0.000,0.000,1433170809
1449,20150601,0.000,0.000,0.000,1433170810
1450,20150601,0.001,0.001,0.000,1433170811
1451,20150601,0.000,0.000,0.000,1433170812
1452,20150601,0.000,0.000,0.000,1433170813
1453,20150601,0.000,0.000,0.000,1433170814
1454,20150601,0.000,0.000,0.000,1433170815
1455,20150601,0.000,0.000,0.000,1433170816
1456,20150601,0.001,0.000,0.000,1433170817
1457,20150601,0.000,0.000,0.000,1433170818
1458,20150601,0.000,0.000,0.000,1433170819
1459,20150601,0.001,0.000,0.000,1433170820
1460,20150601,0.000,0.000,0.000,1433170821
1461,20150601,0.001,0.000,0.000,1433170822
1462,20150601,0.000,0.000,0.000,1433170823
1463,20150601,0.000,0.000,0.001,1433170824
1464,20150601,0.001,0.000,0.001,1433170825
1465,20150601,0.002,0.001,0.000,1433170826
1466,20150601,0.002,0.001,0.000,1433170827
1467,20150601,0.001,0.000,0.001,1433170828
1468,20150601,0.001,0.000,0.000,1433170829
1469,20150601,0.000,0.000,0.000,1433170830
1470,20150601,0.001,0.000,0.000,1433170831
1471,20150601,0.001,0.000,0.001,1433170832
1472,20150601,0.002,0.000,0.001,1433170833
1473,20150601,0.002,0.000,0.000,1433170834
1474,20150601,0.002,0.000,0.000,1433170835
1475,20150601,0.001,0.000,0.000,1433170836
1476,20150601,0.002,0.000,0.001,1433170837
1477,20150601,0.001,0.000,0.000,1433170838
1478,20150601,0.000,0.000,0.000,1433170839
1479,20150601,0.002,0.000,0.001,1433170840
1480,20150601,0.001,0.000,0.001,1433170841
1481,20150601,0.001,0.000,0.000,1433170842
1482,20150601,0.001,0.000,0.000,1433170843
1483,20150601,0.000,0.000,0.000,1433170844
1484,20150601,0.000,0.000,0.000,1433170845
1485,20150601,0.000,0.000,0.000,1433170846
1486,20150601,0.000,0.000,0.000,1433170847
1487,20150601,0.000,0.000,0.000,1433170848
1488,20150601,0.000,0.000,0.000,1433170849
1489,20150601,0.000,0.000,0.000,1433170850
1490,20150601,0.000,0.000,0.000,1433170851
1491,20150601,0.001,0.000,0.000,1433170852
1492,20150601,0.000,0.000,0.000,1433170853
1493,20150601,0.000,0.000,0.000,1433170854
1494,20150601,0.000,0.000,0.000,1433170855
1495,20150601,0.000,0.000,0.000,1433170856
1496,20150601,0.000,0.000,0.000,1433170857
1497,20150601,0.000,0.000,0.000,1433170858
1498,20150601,0.000,0.000,0.000,1433170859
1499,20150601,0.000,0.000,0.001,1433170860
1500,20150601,0.000,0.000,0.000,1433170861
1501,20150601,0.000,0.000,0.001,1433170862
1502,20150601,0.000,0.000,0.001,1433170863
1503,20150601,0.000,0.000,0.001,1433170864
1504,20150601,0.001,0.000,0.002,1433170865
1505,20150601,0.000,0.000,0.000,1433170866
1506,20150601,0.001,0.000,0.000,1433170867
1507,20150601,0.001,0.001,0.002,1433170868
1508,20150601,0.004,0.001,0.005,1433170869
1509,20150601,0.012,0.030,0.014,1433170870
1510,20150601,0.059,0.153,0.030,1433170871
1511,20150601,0.065,0.056,0.041,1433170872
1512,20150601,0.042,0.049,0.063,1433170873
1513,20150601,0.051,0.103,0.058,1433170874
1514,20150601,0.038,0.054,0.043,1433170875
1515,20150601,0.032,0.094,0.032,1433170876
1516,20150601,0.025,0.072,0.039,1433170877
1517,20150601,0.003,0.036,0.010,1433170878
1518,20150601,0.001,0.005,0.002,1433170879
1519,20150601,0.000,0.003,0.001,1433170880
1520,20150601,0.000,0.002,0.001,1433170881
1521,20150601,0.000,0.002,0.000,1433170882
1522,20150601,0.000,0.002,0.000,1433170883
1523,20150601,0.000,0.001,0.000,1433170884
1524,20150601,0.000,0.001,0.000,1433170885
1525,20150601,0.000,0.001,0.000,1433170886
1526,20150601,0.000,0.002,0.000,1433170887
1527,20150601,0.000,0.001,0.000,1433170888
1528,20150601,0.000,0.001,0.000,1433170889
1529,20150601,0.000,0.002,0.000,1433170890
1530,20150601,0.000,0.001,0.000,1433170891
1531,20150601,0.000,0.001,0.000,1433170892
1532,20150601,0.000,0.001,0.001,1433170893
1533,20150601,0.000,0.001,0.001,1433170894
1534,20150601,0.000,0.001,0.001,1433170895
1535,20150601,0.000,0.001,0.000,1433170896
1536,20150601,0.000,0.002,0.000,1433170897
1537,20150601,0.000,0.001,0.000,1433170898
1538,20150601,0.000,0.001,0.000,1433170899
1539,20150601,0.000,0.001,0.000,1433170900
1540,20150601,0.000,0.001,0.000,1433170901
1541,20150601,0.000,0.002,0.000,1433170902
1542,20150601,0.000,0.001,0.000,1433170903
1543,20150601,0.000,0.002,0.000,1433170904
1544,20150601,0.000,0.001,0.000,1433170905
1545,20150601,0.000,0.001,0.000,1433170906
1546,20150601,0.000,0.001,0.000,1433170907
1547,20150601,0.000,0.001,0.000,1433170908
1548,20150601,0.000,0.001,0.000,1433170909
1549,20150601,0.000,0.001,0.000,1433170910
1550,20150601,0.000,0.001,0.000,1433170911
1551,20150601,0.000,0.001,0.000,1433170912
1552,20150601,0.000,0.001,0.000,1433170913
1553,20150601,0.000,0.002,0.000,1433170914
1554,20150601,0.000,0.001,0.000,1433170915
1555,20150601,0.000,0.001,0.000,1433170916
1556,20150601,0.001,0.002,0.000,1433170917
1557,20150601,0.001,0.002,0.000,1433170918
1558,20150601,0.001,0.002,0.000,1433170919
1559,20150601,0.000,0.002,0.000,1433170920
1560,20150601,0.000,0.001,0.000,1433170921
1561,20150601,0.000,0.001,0.000,1433170922
1562,20150601,0.000,0.001,0.000,1433170923
1563,20150601,0.000,0.001,0.000,1433170924
1564,20150601,0.000,0.001,0.000,1433170925
1565,20150601,0.000,0.001,0.000,1433170926
1566,20150601,0.000,0.001,0.000,1433170927
1567,20150601,0.000,0.001,0.000,1433170928
1568,20150601,0.000,0.001,0.000,1433170929
1569,20150601,0.000,0.001,0.000,1433170930
1570,20150601,0.000,0.001,0.000,1433170931
1571,20150601,0.000,0.001,0.000,1433170932
1572,20150601,0.000,0.001,0.000,1433170933
1573,20150601,0.000,0.001,0.000,1433170934
1574,20150601,0.000,0.001,0.000,1433170935
1575,20150601,0.000,0.001,0.000,1433170936
1576,20150601,0.000,0.001,0.000,1433170937
1577,20150601,0.000,0.001,0.000,1433170938
1578,20150601,0.000,0.001,0.000,1433170939
1579,20150601,0.000,0.001,0.000,1433170940
1580,20150601,0.000,0.001,0.000,1433170941
1581,20150601,0.000,0.001,0.000,1433170942
1582,20150601,0.000,0.001,0.000,1433170943
1583,20150601,0.000,0.001,0.000,1433170944
1584,20150601,0.000,0.001,0.000,1433170945
1585,20150601,0.000,0.001,0.000,1433170946
1586,20150601,0.000,0.001,0.000,1433170947
1587,20150601,0.000,0.001,0.000,1433170948
1588,20150601,0.000,0.001,0.000,1433170949
1589,20150601,0.000,0.001,0.000,1433170950
1590,20150601,0.000,0.001,0.000,1433170951
1591,20150601,0.000,0.001,0.000,1433170952
1592,20150601,0.000,0.001,0.000,1433170953
1593,20150601,0.000,0.001,0.000,1433170954
1594,20150601,0.000,0.001,0.000,1433170955
1595,20150601,0.000,0.001,0.000,1433170956
1596,20150601,0.000,0.001,0.001,1433170957
1597,20150601,0.000,0.001,0.000,1433170958
1598,20150601,0.000,0.001,0.000,1433170959
1599,20150601,0.000,0.001,0.000,1433170960
1600,20150601,0.000,0.001,0.000,1433170961
1601,20150601,0.000,0.001,0.000,1433170962
1602,20150601,0.000,0.001,0.000,1433170963
1603,20150601,0.000,0.001,0.000,1433170964
1604,20150601,0.000,0.001,0.000,1433170965
1605,20150601,0.000,0.001,0.000,1433170966
1606,20150601,0.000,0.001,0.000,1433170967
1607,20150601,0.000,0.001,0.000,1433170968
1608,20150601,0.000,0.001,0.000,1433170969
1609,20150601,0.000,0.001,0.000,1433170970
1610,20150601,0.000,0.001,0.000,1433170971
1611,20150601,0.000,0.001,0.000,1433170972
1612,20150601,0.000,0.001,0.000,1433170973
1613,20150601,0.000,0.001,0.000,1433170974
1614,20150601,0.000,0.001,0.000,1433170975
1615,20150601,0.000,0.001,0.000,1433170976
1616,20150601,0.000,0.001,0.000,1433170977
1617,20150601,0.000,0.001,0.000,1433170978
1618,20150601,0.000,0.001,0.000,1433170979
1619,20150601,0.000,0.001,0.000,1433170980
1620,20150601,0.000,0.001,0.000,1433170981
1621,20150601,0.000,0.002,0.000,1433170982
1622,20150601,0.000,0.001,0.000,1433170983
1623,20150601,0.000,0.001,0.000,1433170984
1624,20150601,0.000,0.002,0.000,1433170985
1625,20150601,0.000,0.001,0.000,1433170986
1626,20150601,0.000,0.001,0.000,1433170987
1627,20150601,0.000,0.001,0.000,1433170988
1628,20150601,0.000,0.001,0.000,1433170989
1629,20150601,0.000,0.001,0.000,1433170990
1630,20150601,0.000,0.001,0.000,1433170991
1631,20150601,0.000,0.001,0.000,1433170992
1632,20150601,0.000,0.001,0.000,1433170993
1633,20150601,0.000,0.001,0.000,1433170994
1634,20150601,0.000,0.001,0.000,1433170995
1635,20150601,0.000,0.001,0.000,1433170996
1636,20150601,0.000,0.001,0.000,1433170997
1637,20150601,0.000,0.001,0.000,1433170998
1638,20150601,0.000,0.001,0.000,1433170999
1639,20150601,0.000,0.001,0.000,1433171000
1640,20150601,0.000,0.001,0.000,1433171001
1641,20150601,0.000,0.001,0.000,1433171002
1642,20150601,0.000,0.001,0.000,1433171003
1643,20150601,0.000,0.001,0.000,1433171004
1644,20150601,0.000,0.001,0.000,1433171005
1645,20150601,0.000,0.001,0.000,1433171006
1646,20150601,0.000,0.001,0.000,1433171007
1647,20150601,0.000,0.001,0.000,1433171008
1648,20150601,0.000,0.001,0.000,1433171009
1649,20150601,0.000,0.001,0.001,1433171010
1650,20150601,0.000,0.001,0.000,1433171011
1651,20150601,0.000,0.001,0.000,1433171012
1652,20150601,0.000,0.001,0.000,1433171013
1653,20150601,0.000,0.001,0.000,1433171014
1654,20150601,0.000,0.001,0.000,1433171015
1655,20150601,0.000,0.001,0.000,1433171016
1656,20150601,0.000,0.001,0.000,1433171017
1657,20150601,0.000,0.001,0.000,1433171018
1658,20150601,0.000,0.001,0.000,1433171019
1659,20150601,0.000,0.001,0.000,1433171020
1660,20150601,0.000,0.001,0.000,1433171021
1661,20150601,0.000,0.001,0.000,1433171022
1662,20150601,0.000,0.001,0.000,1433171023
1663,20150601,0.000,0.001,0.000,1433171024
1664,20150601,0.000,0.001,0.000,1433171025
1665,20150601,0.000,0.001,0.000,1433171026
1666,20150601,0.000,0.001,0.000,1433171027
1667,20150601,0.000,0.001,0.000,1433171028
1668,20150601,0.000,0.001,0.000,1433171029
1669,20150601,0.000,0.001,0.000,1433171030
1670,20150601,0.000,0.001,0.000,1433171031
1671,20150601,0.000,0.001,0.000,1433171032
1672,20150601,0.000,0.001,0.000,1433171033
1673,20150601,0.000,0.001,0.000,1433171034
1674,20150601,0.000,0.001,0.000,1433171035
1675,20150601,0.000,0.001,0.000,1433171036
1676,20150601,0.000,0.001,0.000,1433171037
1677,20150601,0.000,0.001,0.000,1433171038
1678,20150601,0.000,0.001,0.000,1433171039
1679,20150601,0.000,0.001,0.000,1433171040
1680,20150601,0.000,0.001,0.000,1433171041
1681,20150601,0.000,0.001,0.001,1433171042
1682,20150601,0.000,0.001,0.000,1433171043
1683,20150601,0.000,0.001,0.000,1433171044
1684,20150601,0.000,0.001,0.000,1433171045
1685,20150601,0.000,0.001,0.000,1433171046
1686,20150601,0.000,0.001,0.000,1433171047
1687,20150601,0.000,0.001,0.000,1433171048
1688,20150601,0.000,0.001,0.000,1433171049
1689,20150601,0.000,0.001,0.000,1433171050
1690,20150601,0.000,0.001,0.000,1433171051
1691,20150601,0.000,0.002,0.001,1433171052
1692,20150601,0.000,0.001,0.000,1433171053
1693,20150601,0.000,0.001,0.000,1433171054
1694,20150601,0.000,0.001,0.000,1433171055
1695,20150601,0.000,0.001,0.000,1433171056
1696,20150601,0.000,0.001,0.000,1433171057
1697,20150601,0.000,0.001,0.000,1433171058
1698,20150601,0.000,0.001,0.001,1433171059
1699,20150601,0.000,0.001,0.000,1433171060
1700,20150601,0.000,0.001,0.000,1433171061
1701,20150601,0.000,0.001,0.000,1433171062
1702,20150601,0.000,0.001,0.000,1433171063
1703,20150601,0.000,0.001,0.000,1433171064
1704,20150601,0.000,0.001,0.000,1433171065
1705,20150601,0.000,0.001,0.000,1433171066
1706,20150601,0.000,0.001,0.000,1433171067
1707,20150601,0.000,0.001,0.000,1433171068
1708,20150601,0.000,0.001,0.000,1433171069
1709,20150601,0.000,0.001,0.000,1433171070
1710,20150601,0.000,0.001,0.000,1433171071
1711,20150601,0.000,0.001,0.000,1433171072
1712,20150601,0.000,0.001,0.000,1433171073
1713,20150601,0.000,0.001,0.000,1433171074
1714,20150601,0.000,0.001,0.000,1433171075
1715,20150601,0.000,0.001,0.000,1433171076
1716,20150601,0.000,0.001,0.000,1433171077
1717,20150601,0.000,0.001,0.000,1433171078
1718,20150601,0.000,0.001,0.000,1433171079
1719,20150601,0.000,0.001,0.000,1433171080
1720,20150601,0.000,0.001,0.001,1433171081
1721,20150601,0.000,0.001,0.000,1433171082
1722,20150601,0.000,0.001,0.000,1433171083
1723,20150601,0.000,0.001,0.001,1433171084
1724,20150601,0.003,0.014,0.000,1433171085
1725,20150601,0.003,0.059,0.002,1433171086
1726,20150601,0.002,0.041,0.003,1433171087
1727,20150601,0.001,0.012,0.001,1433171088
1728,20150601,0.001,0.041,0.001,1433171089
1729,20150601,0.038,0.056,0.024,1433171090
1730,20150601,0.032,0.063,0.033,1433171091
1731,20150601,0.026,0.057,0.063,1433171092
1732,20150601,0.135,0.143,0.183,1433171093
1733,20150601,0.073,0.038,0.112,1433171094
1734,20150601,0.019,0.010,0.030,1433171095
1735,20150601,0.007,0.004,0.013,1433171096
1736,20150601,0.003,0.004,0.004,1433171097
1737,20150601,0.002,0.003,0.002,1433171098
1738,20150601,0.001,0.003,0.001,1433171099
1739,20150601,0.001,0.003,0.002,1433171100
1740,20150601,0.001,0.003,0.001,1433171101
1741,20150601,0.001,0.003,0.001,1433171102
1742,20150601,-1.000,-1.000,-1.000,1433171103
1743,20150601,-1.000,-1.000,-1.000,1433171104
1744,20150601,-1.000,-1.000,-1.000,1433171105
1745,20150601,-1.000,-1.000,-1.000,1433171106
1746,20150601,-1.000,-1.000,-1.000,1433171107
1747,20150601,-1.000,-1.000,-1.000,1433171108
1748,20150601,-1.000,-1.000,-1.000,1433171110
1749,20150601,-1.000,-1.000,-1.000,1433171110
1750,20150601,-1.000,-1.000,-1.000,1433171111
1751,20150601,-1.000,-1.000,-1.000,1433171112
1752,20150601,0.001,0.006,0.008,1433171113
1753,20150601,0.003,0.017,0.001,1433171114
1754,20150601,-1.000,-1.000,0.001,1433171115
1755,20150601,-1.000,-1.000,0.001,1433171116
1756,20150601,-1.000,-1.000,-1.000,1433171117
1757,20150601,-1.000,-1.000,-1.000,1433171118
1758,20150601,-1.000,-1.000,-1.000,1433171119
1759,20150601,-1.000,-1.000,-1.000,1433171120
1760,20150601,-1.000,-1.000,-1.000,1433171121
1761,20150601,-1.000,-1.000,-1.000,1433171122
1762,20150601,0.011,0.053,0.001,1433171123
